3.050357234351167790e+02 9.626407686137201658e-01
3.051230777432499508e+02 9.851752120999024420e-01
3.052104159999567514e+02 1.005890779972564264e+00
3.052977382052371809e+02 1.008636981700908652e+00
3.053850443590911823e+02 9.948805212034254053e-01
3.054723344615188125e+02 9.941956944354767289e-01
3.055596085125199579e+02 1.007223169437073684e+00
3.056468665120947890e+02 1.018736529997986029e+00
3.057341084602431351e+02 1.011642346459365793e+00
3.058213343569651670e+02 1.000669600021997008e+00
3.059085442022607708e+02 9.955004393343839242e-01
3.059957379961300035e+02 1.011143333199848504e+00
3.060829157385727513e+02 1.019376398752971147e+00
3.061700774295891847e+02 1.035057838449679357e+00
3.062572230691791901e+02 1.022457937949797113e+00
3.063443526573427675e+02 1.002977824311059640e+00
3.064314661940799738e+02 9.982530985100359633e-01
3.065185636793907520e+02 1.006114254587294088e+00
3.066056451132752159e+02 1.002613638287013220e+00
3.066927104957331949e+02 9.899741231030193545e-01
3.067797598267648027e+02 9.887493218289168384e-01
3.068667931063699825e+02 9.944711303449593753e-01
3.069538103345487912e+02 1.005923917299008430e+00
3.070408115113011718e+02 1.011054153677346523e+00
3.071277966366271812e+02 1.001233263029264631e+00
3.072147657105267626e+02 9.905139236011639703e-01
3.073017187329999729e+02 9.979209817681312655e-01
3.073886557040467551e+02 1.002859113820817161e+00
3.074755766236671661e+02 9.926224946212828248e-01
3.075624814918612060e+02 9.899190290308875761e-01
3.076493703086287610e+02 9.942426550520189199e-01
3.077362430739699448e+02 9.995862159581041517e-01
3.078230997878847575e+02 9.872643880917103543e-01
3.079099404503731989e+02 9.815186378986234805e-01
3.079967650614351555e+02 9.871829412938463166e-01
3.080835736210707978e+02 9.871035712993104783e-01
3.081703661292799552e+02 9.871427715808234193e-01
3.082571425860627983e+02 9.775158163973086678e-01
3.083439029914191565e+02 9.786218699967559331e-01
3.084306473453492004e+02 9.940635250509102239e-01
3.085173756478527594e+02 1.007354305046655574e+00
3.086040878989300040e+02 1.007898926739522860e+00
3.086907840985807638e+02 1.001634995657028959e+00
3.087774642468051525e+02 9.989818297989072615e-01
3.088641283436032268e+02 9.996325070000581237e-01
3.089507763889747594e+02 1.000589422426831465e+00
3.090374083829199208e+02 1.008865794001946092e+00
3.091240243254387678e+02 1.020849523349300236e+00
3.092106242165311869e+02 1.006303674400708559e+00
3.092972080561971779e+02 9.951121962731558357e-01
3.093837758444367978e+02 1.015422082326120634e+00
3.094703275812499896e+02 1.045557094130845632e+00
3.095568632666368103e+02 1.050329602926384220e+00
3.096433829005971461e+02 1.029517960884034133e+00
3.097298864831311676e+02 1.013038261525375683e+00
3.098163740142387610e+02 1.020726160797097215e+00
3.099028454939199833e+02 1.028808592139855982e+00
3.099893009221747775e+02 1.024845607669149894e+00
3.100757402990032006e+02 1.002532486156846536e+00
3.101621636244051956e+02 9.971887448035623436e-01
3.102485708983807626e+02 1.002248811002820039e+00
3.103349621209300153e+02 1.005263492900208444e+00
3.104213372920527831e+02 1.011548603288301207e+00
3.105076964117491798e+02 1.010547829321889468e+00
3.105940394800191484e+02 9.988377312409747466e-01
3.106803664968628027e+02 9.960886255582523940e-01
3.107666774622799721e+02 9.968562546603936259e-01
3.108529723762707704e+02 9.995827697374696230e-01
3.109392512388351406e+02 9.964204451946382379e-01
3.110255140499731965e+02 9.890915122826288153e-01
3.111117608096847675e+02 9.877364179289374047e-01
3.111979915179699674e+02 9.990035809464452576e-01
3.112842061748287392e+02 1.002091034529837277e+00
3.113704047802611967e+02 9.949206459024332316e-01
3.114565873342672262e+02 9.966415634011508429e-01
3.115427538368467708e+02 1.000180443713923673e+00
3.116289042880000011e+02 9.986731370023382848e-01
3.117150386877267465e+02 9.927192202296255541e-01
3.118011570360271776e+02 9.908949372888470331e-01
3.118872593329011806e+02 9.925593794044070828e-01
3.119733455783488125e+02 9.978475996556034344e-01
3.120594157723699595e+02 9.997539520298224236e-01
3.121454699149647922e+02 9.946791477441210283e-01
3.122315080061331400e+02 9.928140655122302816e-01
3.123175300458751735e+02 1.000972631024246828e+00
3.124035360341907790e+02 1.007268420147212185e+00
3.124895259710799564e+02 1.003881078590928233e+00
3.125754998565427627e+02 9.931641921731060307e-01
3.126614576905791978e+02 9.913901670900602259e-01
3.127473994731892049e+02 9.966940678999508529e-01
3.128333252043727839e+02 1.002921266583336912e+00
3.129192348841299918e+02 1.001348292661867978e+00
3.130051285124607716e+02 1.000796574061203259e+00
3.130910060893651803e+02 1.002145670879607042e+00
3.131768676148431609e+02 1.002080431477254230e+00
3.132627130888947704e+02 9.987174351895262703e-01
3.133485425115199519e+02 9.979547018051403429e-01
3.134343558827187621e+02 9.961038415242897681e-01
3.135201532024911444e+02 1.000097098307725085e+00
3.136059344708371555e+02 9.958816619385929547e-01
3.136916996877567385e+02 9.961183621782201403e-01
3.137774488532499504e+02 1.007791179762401068e+00
3.138631819673167342e+02 1.008359944739517733e+00
3.139488990299571469e+02 1.001313130459267287e+00
3.140346000411711884e+02 9.886744757228167479e-01
3.141202850009587451e+02 9.928324141359989863e-01
3.142059539093199874e+02 1.004182994842394594e+00
3.142916067662547448e+02 1.003826904413787080e+00
3.143772435717631879e+02 9.857510711054640051e-01
3.144628643258451461e+02 9.823636855968148618e-01
3.145484690285007900e+02 9.961606554692600257e-01
3.146340576797299491e+02 1.002630840769378473e+00
3.147196302795327938e+02 1.002219373178820483e+00
3.148051868279091536e+02 1.000250825427144497e+00
3.148907273248591991e+02 9.991631153177690239e-01
3.149762517703827598e+02 1.003748702851589236e+00
3.150617601644800061e+02 1.002897929104745511e+00
3.151472525071507675e+02 1.000028931163430057e+00
3.152327287983951578e+02 1.005505277956611598e+00
3.153181890382131769e+02 1.004646047716693635e+00
3.154036332266047680e+02 1.000536062403736715e+00
3.154890613635699879e+02 9.994876259353320247e-01
3.155744734491087797e+02 1.007028266539021111e+00
3.156598694832212004e+02 1.006799819125588691e+00
3.157452494659071363e+02 9.991957482093828391e-01
3.158306133971668146e+02 9.987737005184887940e-01
3.159159612769999512e+02 1.008322269219390499e+00
3.160012931054067735e+02 1.010136492039830580e+00
3.160866088823871678e+02 1.006422440433780929e+00
3.161719086079411909e+02 9.999879569601189955e-01
3.162571922820687291e+02 1.000352069564657942e+00
3.163424599047699530e+02 1.007468114665730718e+00
3.164277114760447489e+02 1.004876243193689733e+00
3.165129469958931736e+02 9.917047422848617177e-01
3.165981664643152271e+02 9.906353234421095832e-01
3.166833698813107958e+02 9.949437328131792713e-01
3.167685572468799933e+02 1.002281738281272760e+00
3.168537285610227627e+02 1.000117406905483231e+00
3.169388838237392179e+02 1.000131787124873162e+00
3.170240230350291881e+02 9.987549875090752094e-01
3.171091461948927872e+02 1.001059213372206269e+00
3.171942533033299583e+02 1.004877099012864150e+00
3.172793443603407582e+02 1.009833617585545351e+00
3.173644193659251300e+02 1.004948819702877305e+00
3.174494783200831876e+02 9.989499015013298955e-01
3.175345212228147602e+02 9.927173359203199654e-01
3.176195480741199617e+02 9.959567310024982634e-01
3.177045588739987352e+02 1.002893474382730465e+00
3.177895536224511943e+02 9.986104459039057968e-01
3.178745323194772254e+02 9.916968954056935015e-01
3.179594949650767717e+02 9.913757981048256784e-01
