# Flat spectrum for spectrometer USB2+H15972
# Wavelength (nm), Flat response
3.050357234351167790e+02 1.000047145549219474e+00
3.051230777432499508e+02 9.990305516850002121e-01
3.052104159999567514e+02 1.001551830842212221e+00
3.052977382052371809e+02 1.000358220999299830e+00
3.053850443590911823e+02 9.932290171778568322e-01
3.054723344615188125e+02 1.004119052072270479e+00
3.055596085125199579e+02 9.992056134515575616e-01
3.056468665120947890e+02 1.000074154487285982e+00
3.057341084602431351e+02 1.004338781806560332e+00
3.058213343569651670e+02 9.987347052408316328e-01
3.059085442022607708e+02 9.945695236051578236e-01
3.059957379961300035e+02 1.002471408246365048e+00
3.060829157385727513e+02 9.994760366552943864e-01
3.061700774295891847e+02 1.004996822398290579e+00
3.062572230691791901e+02 9.933560847619158363e-01
3.063443526573427675e+02 9.991534264576608093e-01
3.064314661940799738e+02 1.003736522636781814e+00
3.065185636793907520e+02 1.002393905527449336e+00
3.066056451132752159e+02 9.972298322855482899e-01
3.066927104957331949e+02 1.000313820120656061e+00
3.067797598267648027e+02 1.001147692795132160e+00
3.068667931063699825e+02 9.944487630009100076e-01
3.069538103345487912e+02 1.002569528133834709e+00
3.070408115113011718e+02 1.004292694043738221e+00
3.071277966366271812e+02 9.958407147205141641e-01
3.072147657105267626e+02 1.002078992586774797e+00
3.073017187329999729e+02 1.003967659010109204e+00
3.073886557040467551e+02 9.985259203229998048e-01
3.074755766236671661e+02 9.940779620738251499e-01
3.075624814918612060e+02 1.003188591400943741e+00
3.076493703086287610e+02 1.000548405746920055e+00
3.077362430739699448e+02 9.985284267875543796e-01
3.078230997878847575e+02 1.002800325898827394e+00
3.079099404503731989e+02 9.984025271627775533e-01
3.079967650614351555e+02 9.984626476420001007e-01
3.080835736210707978e+02 1.003593359122638695e+00
3.081703661292799552e+02 9.935559605993139476e-01
3.082571425860627983e+02 1.001257656590759604e+00
3.083439029914191565e+02 1.005449871799980022e+00
3.084306473453492004e+02 9.993410388752282936e-01
3.085173756478527594e+02 9.983575149650664171e-01
3.086040878989300040e+02 1.000617085861570832e+00
3.086907840985807638e+02 9.993212170081987589e-01
3.087774642468051525e+02 1.004848896021144133e+00
3.088641283436032268e+02 9.939961578488837324e-01
3.089507763889747594e+02 9.964626582228874874e-01
3.090374083829199208e+02 1.003152369650328835e+00
3.091240243254387678e+02 1.000699384670788783e+00
3.092106242165311869e+02 9.980895849370178263e-01
3.092972080561971779e+02 1.008583208901232098e+00
3.093837758444367978e+02 9.918949308306305168e-01
3.094703275812499896e+02 9.994641760842494227e-01
3.095568632666368103e+02 1.006618616379189923e+00
3.096433829005971461e+02 9.979089792978007578e-01
3.097298864831311676e+02 9.972694158818219412e-01
3.098163740142387610e+02 9.961517885105285464e-01
3.099028454939199833e+02 1.005425442416094439e+00
3.099893009221747775e+02 1.000384685242242888e+00
3.100757402990032006e+02 9.997738741519839323e-01
3.101621636244051956e+02 9.960514110223996909e-01
3.102485708983807626e+02 1.000344141646985596e+00
3.103349621209300153e+02 1.008475851381022137e+00
3.104213372920527831e+02 9.964409676109626801e-01
3.105076964117491798e+02 9.933579166677918293e-01
3.105940394800191484e+02 1.001602337874172521e+00
3.106803664968628027e+02 1.003758768854291494e+00
3.107666774622799721e+02 1.001744346328942381e+00
3.108529723762707704e+02 9.985697897981782312e-01
3.109392512388351406e+02 9.965640159433626355e-01
3.110255140499731965e+02 9.978753250596887892e-01
3.111117608096847675e+02 1.002458054375612528e+00
3.111979915179699674e+02 1.006365351962545285e+00
3.112842061748287392e+02 9.967485035807427396e-01
3.113704047802611967e+02 9.982255543028833999e-01
3.114565873342672262e+02 1.001599810676749858e+00
3.115427538368467708e+02 9.978905457680450342e-01
3.116289042880000011e+02 9.998216699941683272e-01
3.117150386877267465e+02 1.002637963610324867e+00
3.118011570360271776e+02 9.969928825811937845e-01
3.118872593329011806e+02 1.000583873899138831e+00
3.119733455783488125e+02 9.971250097222128517e-01
3.120594157723699595e+02 1.006919199785974328e+00
3.121454699149647922e+02 9.939872455748210989e-01
3.122315080061331400e+02 1.001227859261421216e+00
3.123175300458751735e+02 1.004067539099193107e+00
3.124035360341907790e+02 9.986285623952617652e-01
3.124895259710799564e+02 9.991393269884896178e-01
3.125754998565427627e+02 1.001559949919388792e+00
3.126614576905791978e+02 1.001303287529029973e+00
3.127473994731892049e+02 1.000272649755217014e+00
3.128333252043727839e+02 9.936747203733334866e-01
3.129192348841299918e+02 9.989384412570851968e-01
3.130051285124607716e+02 1.003953018184661650e+00
3.130910060893651803e+02 9.985658291893065863e-01
3.131768676148431609e+02 1.004566684477561811e+00
3.132627130888947704e+02 9.978026452939103841e-01
3.133485425115199519e+02 9.972155245754817932e-01
3.134343558827187621e+02 1.002321266032236036e+00
3.135201532024911444e+02 9.978682929857957129e-01
3.136059344708371555e+02 1.005025903229997963e+00
3.136916996877567385e+02 9.966221170541741392e-01
3.137774488532499504e+02 9.996855343933427340e-01
3.138631819673167342e+02 1.002561064885748587e+00
3.139488990299571469e+02 9.969232559577865249e-01
3.140346000411711884e+02 1.000293696817490474e+00
3.141202850009587451e+02 9.978091113127378620e-01
3.142059539093199874e+02 1.001914169198639737e+00
3.142916067662547448e+02 9.990345004411048668e-01
3.143772435717631879e+02 1.003794333241134540e+00
3.144628643258451461e+02 1.001532047939334369e+00
3.145484690285007900e+02 9.965237164551200566e-01
3.146340576797299491e+02 1.001988717490538860e+00
3.147196302795327938e+02 9.993155734074951058e-01
3.148051868279091536e+02 9.953459807758160416e-01
3.148907273248591991e+02 1.002152332583696515e+00
3.149762517703827598e+02 1.002241411135432747e+00
3.150617601644800061e+02 9.960132622221936627e-01
3.151472525071507675e+02 1.002952700971976974e+00
3.152327287983951578e+02 9.981291841386475960e-01
3.153181890382131769e+02 9.986798175667092048e-01
3.154036332266047680e+02 1.006401433008919488e+00
3.154890613635699879e+02 1.001023630821642474e+00
3.155744734491087797e+02 9.934176948490379688e-01
3.156598694832212004e+02 9.972090112337944623e-01
3.157452494659071363e+02 1.007446782402104724e+00
3.158306133971668146e+02 1.000508983205064206e+00
3.159159612769999512e+02 9.991499046684304552e-01
3.160012931054067735e+02 9.992453997307504387e-01
3.160866088823871678e+02 1.000332326254068871e+00
3.161719086079411909e+02 9.959537118824111079e-01
3.162571922820687291e+02 1.004430371899752705e+00
3.163424599047699530e+02 1.001674003664662749e+00
3.164277114760447489e+02 9.929542164345145361e-01
3.165129469958931736e+02 1.001728980650186340e+00
3.165981664643152271e+02 1.004141824136939976e+00
3.166833698813107958e+02 9.979544615755259196e-01
3.167685572468799933e+02 1.000980400044637397e+00
3.168537285610227627e+02 1.000032655646651003e+00
3.169388838237392179e+02 9.932409264921351344e-01
3.170240230350291881e+02 1.001712474867938241e+00
3.171091461948927872e+02 1.007360208768919074e+00
3.171942533033299583e+02 9.963487121239573696e-01
3.172793443603407582e+02 9.982416017997215452e-01
3.173644193659251300e+02 9.996271320754198664e-01
3.174494783200831876e+02 1.003039353061126571e+00
3.175345212228147602e+02 1.000746287206296437e+00
3.176195480741199617e+02 9.950166905070110257e-01
3.177045588739987352e+02 1.004906708971612161e+00
3.177895536224511943e+02 9.999220874488279343e-01
3.178745323194772254e+02 1.000161520388452852e+00
3.179594949650767717e+02 9.981340297281444673e-01
