# Ring Spectrum
# Source: Created using QDOAS 
#         Danckaert, T., Fayt, C., and Van Roozendael, M.: QDOAS Software user manual, Tech. rep., Royal Belgian Institute for Space Aeronomy, http://uv-vis.aeronomie.be/software/QDOAS/, 2017.
#         From SAO 2010 Solar Atlas (Chance and Kurucz, 2010)
# Wavelength (nm),       Intensity Correction
3.020000000000000000e+02 2.682036551386474788e+00
3.020099999999999909e+02 2.180088505155165723e+00
3.020199999999999818e+02 1.678752489214434540e+00
3.020299999999999727e+02 1.363509993803499798e+00
3.020399999999999636e+02 1.222023007227233560e+00
3.020499999999999545e+02 1.218216227370078286e+00
3.020599999999999454e+02 1.334575384793835084e+00
3.020699999999999363e+02 1.567437860266418070e+00
3.020799999999999272e+02 1.899930311850238640e+00
3.020899999999999181e+02 2.263086242946571680e+00
3.020999999999999091e+02 2.580132976353636920e+00
3.021099999999999000e+02 2.907940936789477959e+00
3.021199999999998909e+02 3.443694318372719110e+00
3.021299999999998818e+02 4.407841332559071290e+00
3.021399999999998727e+02 5.840408745017858116e+00
3.021499999999998636e+02 7.113483110426325418e+00
3.021599999999998545e+02 7.294321240986455734e+00
3.021699999999998454e+02 6.764867764745302381e+00
3.021799999999998363e+02 6.325025518895936116e+00
3.021899999999998272e+02 5.994997859606774782e+00
3.021999999999998181e+02 5.367100030665373112e+00
3.022099999999998090e+02 4.424106423224632323e+00
3.022199999999997999e+02 3.555765551587749762e+00
3.022299999999997908e+02 2.913719712286265029e+00
3.022399999999997817e+02 2.402552716769937646e+00
3.022499999999997726e+02 1.949395793910077224e+00
3.022599999999997635e+02 1.584804375276784194e+00
3.022699999999997544e+02 1.335809003717985721e+00
3.022799999999997453e+02 1.182372849897154410e+00
3.022899999999997362e+02 1.093080753401744820e+00
3.022999999999997272e+02 1.042391291538053544e+00
3.023099999999997181e+02 1.005642576729113058e+00
3.023199999999997090e+02 9.634836043037607878e-01
3.023299999999996999e+02 9.179757184733901010e-01
3.023399999999996908e+02 8.827977416668344457e-01
3.023499999999996817e+02 8.544687395206036484e-01
3.023599999999996726e+02 8.160598380102624949e-01
3.023699999999996635e+02 7.667999897463830816e-01
3.023799999999996544e+02 7.213181320893269355e-01
3.023899999999996453e+02 6.857015580629634011e-01
3.023999999999996362e+02 6.560195797579111421e-01
3.024099999999996271e+02 6.328388301298024654e-01
3.024199999999996180e+02 6.223458843777784910e-01
3.024299999999996089e+02 6.274029225799991893e-01
3.024399999999995998e+02 6.504106132015569086e-01
3.024499999999995907e+02 7.036365229177286018e-01
3.024599999999995816e+02 8.125783166886278996e-01
3.024699999999995725e+02 1.009628650206562561e+00
3.024799999999995634e+02 1.302152685337157001e+00
3.024899999999995543e+02 1.576659432995197063e+00
3.024999999999995453e+02 1.612147750392499468e+00
3.025099999999995362e+02 1.405485406398862658e+00
3.025199999999995271e+02 1.135023582643830631e+00
3.025299999999995180e+02 9.112539868860495273e-01
3.025399999999995089e+02 7.720765850134326813e-01
3.025499999999994998e+02 7.186220975275166012e-01
3.025599999999994907e+02 7.337043808672774059e-01
3.025699999999994816e+02 7.855961243133562366e-01
3.025799999999994725e+02 8.346104364529023378e-01
3.025899999999994634e+02 8.642238937183079894e-01
3.025999999999994543e+02 8.963832697186694398e-01
3.026099999999994452e+02 9.609930219748444857e-01
3.026199999999994361e+02 1.071373861206374123e+00
3.026299999999994270e+02 1.243524276648906968e+00
3.026399999999994179e+02 1.533089012616476232e+00
3.026499999999994088e+02 2.026280235323307810e+00
3.026599999999993997e+02 2.688489484593135970e+00
3.026699999999993906e+02 3.028979441173660803e+00
3.026799999999993815e+02 2.644340450070912674e+00
3.026899999999993724e+02 2.065362985733228296e+00
3.026999999999993634e+02 1.707397190302408552e+00
3.027099999999993543e+02 1.600241817741872019e+00
3.027199999999993452e+02 1.671652202107361651e+00
3.027299999999993361e+02 1.758072783787237414e+00
3.027399999999993270e+02 1.624244952956281907e+00
3.027499999999993179e+02 1.308033377565550381e+00
3.027599999999993088e+02 1.034032892481541399e+00
3.027699999999992997e+02 8.658143727382523469e-01
3.027799999999992906e+02 7.636618064414312235e-01
3.027899999999992815e+02 6.849013980466545082e-01
3.027999999999992724e+02 6.159077516826934051e-01
3.028099999999992633e+02 5.629998941624578812e-01
3.028199999999992542e+02 5.327230985469618707e-01
3.028299999999992451e+02 5.262147486063428747e-01
3.028399999999992360e+02 5.404188026485170493e-01
3.028499999999992269e+02 5.678924503308206972e-01
3.028599999999992178e+02 6.014206464705612598e-01
3.028699999999992087e+02 6.436959418809941047e-01
3.028799999999991996e+02 6.994685366392803250e-01
3.028899999999991905e+02 7.467982249206642775e-01
3.028999999999991815e+02 7.419877244711343689e-01
3.029099999999991724e+02 6.886185317781997606e-01
3.029199999999991633e+02 6.371098311568019756e-01
3.029299999999991542e+02 6.170504791087843000e-01
3.029399999999991451e+02 6.263605305752981689e-01
3.029499999999991360e+02 6.504707125537738666e-01
3.029599999999991269e+02 6.815034376701981644e-01
3.029699999999991178e+02 7.302594926739151004e-01
3.029799999999991087e+02 8.212360890154392079e-01
3.029899999999990996e+02 9.734869304943961632e-01
3.029999999999990905e+02 1.152289728733071561e+00
3.030099999999990814e+02 1.214958480046986145e+00
3.030199999999990723e+02 1.087281075309717515e+00
3.030299999999990632e+02 9.187693494150919182e-01
3.030399999999990541e+02 8.254027243755959198e-01
3.030499999999990450e+02 8.122456390238873558e-01
3.030599999999990359e+02 8.448719370676949225e-01
3.030699999999990268e+02 8.967755136226451818e-01
3.030799999999990177e+02 9.796916923520367915e-01
3.030899999999990087e+02 1.109924314843287574e+00
3.030999999999989996e+02 1.211037856205507968e+00
3.031099999999989905e+02 1.132392656388779617e+00
3.031199999999989814e+02 9.343159626468540147e-01
3.031299999999989723e+02 7.859763281580149918e-01
3.031399999999989632e+02 7.284225358666439609e-01
3.031499999999989541e+02 7.364211441780701417e-01
3.031599999999989450e+02 7.834489972028488847e-01
3.031699999999989359e+02 8.634018727886197953e-01
3.031799999999989268e+02 9.892596196314302759e-01
3.031899999999989177e+02 1.178434159870815456e+00
3.031999999999989086e+02 1.433550015459260862e+00
3.032099999999988995e+02 1.705718909925666216e+00
3.032199999999988904e+02 1.895705545869153408e+00
3.032299999999988813e+02 1.985347528793223848e+00
3.032399999999988722e+02 2.037016565709159899e+00
3.032499999999988631e+02 1.992321717096460887e+00
3.032599999999988540e+02 1.712931515758757239e+00
3.032699999999988449e+02 1.294870135825315627e+00
3.032799999999988358e+02 9.512126885242750962e-01
3.032899999999988268e+02 7.435292454714558241e-01
3.032999999999988177e+02 6.403557736768649145e-01
3.033099999999988086e+02 6.002621174415390115e-01
3.033199999999987995e+02 5.904119533355033367e-01
3.033299999999987904e+02 5.877377501324869691e-01
3.033399999999987813e+02 5.851425237656475709e-01
3.033499999999987722e+02 5.966268583392809743e-01
3.033599999999987631e+02 6.437403894003091986e-01
3.033699999999987540e+02 7.298753685775198896e-01
3.033799999999987449e+02 8.143747691108461639e-01
3.033899999999987358e+02 8.328283754709677744e-01
3.033999999999987267e+02 7.909457023059419667e-01
3.034099999999987176e+02 7.568630228614831035e-01
3.034199999999987085e+02 7.661754061959078488e-01
3.034299999999986994e+02 7.970959475900408764e-01
3.034399999999986903e+02 8.037787038108537008e-01
3.034499999999986812e+02 7.836805653108621650e-01
3.034599999999986721e+02 7.691026729031392728e-01
3.034699999999986630e+02 7.694662066690991509e-01
3.034799999999986539e+02 7.775408909811931668e-01
3.034899999999986449e+02 7.941037286187407895e-01
3.034999999999986358e+02 8.242637000719092999e-01
3.035099999999986267e+02 8.753710943705338421e-01
3.035199999999986176e+02 9.652632056126946303e-01
3.035299999999986085e+02 1.086499123274379475e+00
3.035399999999985994e+02 1.139670496600091898e+00
3.035499999999985903e+02 1.034731379687230834e+00
3.035599999999985812e+02 8.710105760120379070e-01
3.035699999999985721e+02 7.562202288609579659e-01
3.035799999999985630e+02 6.995528623657456535e-01
3.035899999999985539e+02 6.799873117287573709e-01
3.035999999999985448e+02 6.842657639178426621e-01
3.036099999999985357e+02 7.030129471415614839e-01
3.036199999999985266e+02 7.197789988454637022e-01
3.036299999999985175e+02 7.234531343526301450e-01
3.036399999999985084e+02 7.279343637121375998e-01
3.036499999999984993e+02 7.535279806281175441e-01
3.036599999999984902e+02 7.910981381717760996e-01
3.036699999999984811e+02 8.048112182554847394e-01
3.036799999999984720e+02 7.886696744616876753e-01
3.036899999999984630e+02 7.725567788422431637e-01
3.036999999999984539e+02 7.717580925369412759e-01
3.037099999999984448e+02 7.805760382869556535e-01
3.037199999999984357e+02 7.930072376087471397e-01
3.037299999999984266e+02 8.117861209401973088e-01
3.037399999999984175e+02 8.428269937459964556e-01
3.037499999999984084e+02 8.919533968095137988e-01
3.037599999999983993e+02 9.684922318911921568e-01
3.037699999999983902e+02 1.094759816860696011e+00
3.037799999999983811e+02 1.318854162183009882e+00
3.037899999999983720e+02 1.717853054686366177e+00
3.037999999999983629e+02 2.376495096316941336e+00
3.038099999999983538e+02 3.316526630406998688e+00
3.038199999999983447e+02 4.312997331808798407e+00
3.038299999999983356e+02 4.767920255456103540e+00
3.038399999999983265e+02 4.475949704933875672e+00
3.038499999999983174e+02 4.007651158885439102e+00
3.038599999999983083e+02 3.718178612950510331e+00
3.038699999999982992e+02 3.489322651010835497e+00
3.038799999999982901e+02 3.023511662150975443e+00
3.038899999999982811e+02 2.351978273093080496e+00
3.038999999999982720e+02 1.778540844602950699e+00
3.039099999999982629e+02 1.397074987109255817e+00
3.039199999999982538e+02 1.156356642739931662e+00
3.039299999999982447e+02 1.010194155734514432e+00
3.039399999999982356e+02 9.380051869979115775e-01
3.039499999999982265e+02 9.241592440721960733e-01
3.039599999999982174e+02 9.440853802635356118e-01
3.039699999999982083e+02 9.710409204312194786e-01
3.039799999999981992e+02 9.895225686464679260e-01
3.039899999999981901e+02 9.875705293588075140e-01
3.039999999999981810e+02 9.565631433500112468e-01
3.040099999999981719e+02 9.133879420459616316e-01
3.040199999999981628e+02 8.903207318114124691e-01
3.040299999999981537e+02 9.121737017986923934e-01
3.040399999999981446e+02 9.845800949840719518e-01
3.040499999999981355e+02 1.061838027878150958e+00
3.040599999999981264e+02 1.045801137094053868e+00
3.040699999999981173e+02 9.226363247391053957e-01
3.040799999999981083e+02 7.931620200570608237e-01
3.040899999999980992e+02 7.298600441237440561e-01
3.040999999999980901e+02 7.587064781887123965e-01
3.041099999999980810e+02 9.016864915930045132e-01
3.041199999999980719e+02 1.181365100753010378e+00
3.041299999999980628e+02 1.525197570647107703e+00
3.041399999999980537e+02 1.673745736977026777e+00
3.041499999999980446e+02 1.594744292623768267e+00
3.041599999999980355e+02 1.528417743759522107e+00
3.041699999999980264e+02 1.523240686545136668e+00
3.041799999999980173e+02 1.430845147055949118e+00
3.041899999999980082e+02 1.201597753685225367e+00
3.041999999999979991e+02 9.908965063191078615e-01
3.042099999999979900e+02 8.878116598474342647e-01
3.042199999999979809e+02 8.917915943852795513e-01
3.042299999999979718e+02 9.996425667104859025e-01
3.042399999999979627e+02 1.242505827313373112e+00
3.042499999999979536e+02 1.677733190541762287e+00
3.042599999999979445e+02 2.258469622707850455e+00
3.042699999999979354e+02 2.618027563138554115e+00
3.042799999999979264e+02 2.442018781971961428e+00
3.042899999999979173e+02 1.961477504275430217e+00
3.042999999999979082e+02 1.516240134391270811e+00
3.043099999999978991e+02 1.247275055038983949e+00
3.043199999999978900e+02 1.165160915803809427e+00
3.043299999999978809e+02 1.259579719936579245e+00
3.043399999999978718e+02 1.521654086548064999e+00
3.043499999999978627e+02 1.819808873453234277e+00
3.043599999999978536e+02 1.777069039287537455e+00
3.043699999999978445e+02 1.380940526936403234e+00
3.043799999999978354e+02 1.026884227665104010e+00
3.043899999999978263e+02 8.303396874930413230e-01
3.043999999999978172e+02 7.444773174192947929e-01
3.044099999999978081e+02 7.198748344943750599e-01
3.044199999999977990e+02 7.254467946195188865e-01
3.044299999999977899e+02 7.393554729764335587e-01
3.044399999999977808e+02 7.469677210426388658e-01
3.044499999999977717e+02 7.547635800709899812e-01
3.044599999999977626e+02 7.916898978425812583e-01
3.044699999999977535e+02 8.835620202592555650e-01
3.044799999999977445e+02 1.011113656240472558e+00
3.044899999999977354e+02 1.076279488257109840e+00
3.044999999999977263e+02 1.003558326245901133e+00
3.045099999999977172e+02 8.647752588170661836e-01
3.045199999999977081e+02 7.578777811201924397e-01
3.045299999999976990e+02 7.151269504832524770e-01
3.045399999999976899e+02 7.252319624668090992e-01
3.045499999999976808e+02 7.632157886146977432e-01
3.045599999999976717e+02 8.226262978649173663e-01
3.045699999999976626e+02 9.229536972854629484e-01
3.045799999999976535e+02 1.051793256538440025e+00
3.045899999999976444e+02 1.081846385191593374e+00
3.045999999999976353e+02 9.342528797633063986e-01
3.046099999999976262e+02 7.683351397052419207e-01
3.046199999999976171e+02 6.949931802977992179e-01
3.046299999999976080e+02 7.145634105573896999e-01
3.046399999999975989e+02 7.932336149668699488e-01
3.046499999999975898e+02 8.707553195941153401e-01
3.046599999999975807e+02 8.820022632668536033e-01
3.046699999999975716e+02 8.228121518873912077e-01
3.046799999999975626e+02 7.436042057677034745e-01
3.046899999999975535e+02 6.827068087595125068e-01
3.046999999999975444e+02 6.479114352682758815e-01
3.047099999999975353e+02 6.347394639112601267e-01
3.047199999999975262e+02 6.441982421308132256e-01
3.047299999999975171e+02 6.889766837204941430e-01
3.047399999999975080e+02 7.883601908459513252e-01
3.047499999999974989e+02 9.526414727711685071e-01
3.047599999999974898e+02 1.161298455221574377e+00
3.047699999999974807e+02 1.372752591288959545e+00
3.047799999999974716e+02 1.565287387665228236e+00
3.047899999999974625e+02 1.722555025624472380e+00
3.047999999999974534e+02 1.837396783820464341e+00
3.048099999999974443e+02 1.976063555440678687e+00
3.048199999999974352e+02 2.270194776603244424e+00
3.048299999999974261e+02 2.872864715876570330e+00
3.048399999999974170e+02 3.829881247233243080e+00
3.048499999999974079e+02 4.552529797527958166e+00
3.048599999999973988e+02 4.140086244437925167e+00
3.048699999999973898e+02 3.137917418946593706e+00
3.048799999999973807e+02 2.315874452724010268e+00
3.048899999999973716e+02 1.791016954791528226e+00
3.048999999999973625e+02 1.485635495783479865e+00
3.049099999999973534e+02 1.327016455662546557e+00
3.049199999999973443e+02 1.253860244347038577e+00
3.049299999999973352e+02 1.201133187887076348e+00
3.049399999999973261e+02 1.135402861159847898e+00
3.049499999999973170e+02 1.087650977698910282e+00
3.049599999999973079e+02 1.090167504742600713e+00
3.049699999999972988e+02 1.107595350245971222e+00
3.049799999999972897e+02 1.059790414289522475e+00
3.049899999999972806e+02 9.486068438331853869e-01
3.049999999999972715e+02 8.569084582791307581e-01
3.050099999999972624e+02 8.230841820654702934e-01
3.050199999999972533e+02 8.241379030359183844e-01
3.050299999999972442e+02 8.096222537850148449e-01
3.050399999999972351e+02 7.541677285387807794e-01
3.050499999999972260e+02 6.899119808233165063e-01
3.050599999999972169e+02 6.604647889734254207e-01
3.050699999999972079e+02 6.828064883110978034e-01
3.050799999999971988e+02 7.536968126290239933e-01
3.050899999999971897e+02 8.512541937573797624e-01
3.050999999999971806e+02 9.240025667291904554e-01
3.051099999999971715e+02 9.334533649341647532e-01
3.051199999999971624e+02 9.225891165326144394e-01
3.051299999999971533e+02 9.660100718423527688e-01
3.051399999999971442e+02 1.123457597660401985e+00
3.051499999999971351e+02 1.458937522855469737e+00
3.051599999999971260e+02 1.981151951349899853e+00
3.051699999999971169e+02 2.317514175409366217e+00
3.051799999999971078e+02 1.972875073977228055e+00
3.051899999999970987e+02 1.397228487321542589e+00
3.051999999999970896e+02 1.010586010505448717e+00
3.052099999999970805e+02 8.129097914499801014e-01
3.052199999999970714e+02 7.234192699778732027e-01
3.052299999999970623e+02 6.745470103354127556e-01
3.052399999999970532e+02 6.285813175510525097e-01
3.052499999999970441e+02 5.834936416466230957e-01
3.052599999999970350e+02 5.500761468170602964e-01
3.052699999999970260e+02 5.324425000975077094e-01
3.052799999999970169e+02 5.314884901854822763e-01
3.052899999999970078e+02 5.494433489524795933e-01
3.052999999999969987e+02 5.831715211725472248e-01
3.053099999999969896e+02 6.189278782110703148e-01
3.053199999999969805e+02 6.419647297786335027e-01
3.053299999999969714e+02 6.473349781249885249e-01
3.053399999999969623e+02 6.350557750587944028e-01
3.053499999999969532e+02 6.127160351485304579e-01
3.053599999999969441e+02 6.013692023148418109e-01
3.053699999999969350e+02 6.207661234446657517e-01
3.053799999999969259e+02 6.729333886611450488e-01
3.053899999999969168e+02 7.363742335413101525e-01
3.053999999999969077e+02 7.835790758978223858e-01
3.054099999999968986e+02 8.219997382340954450e-01
3.054199999999968895e+02 8.833470022996494642e-01
3.054299999999968804e+02 9.678609989884572329e-01
3.054399999999968713e+02 1.046601820521819937e+00
3.054499999999968622e+02 1.123112462454504135e+00
3.054599999999968531e+02 1.204479402134254196e+00
3.054699999999968441e+02 1.231218215017478856e+00
3.054799999999968350e+02 1.170154862472824409e+00
3.054899999999968259e+02 1.115515628347776289e+00
3.054999999999968168e+02 1.168316983206515003e+00
3.055099999999968077e+02 1.340742493548995773e+00
3.055199999999967986e+02 1.485682778144015392e+00
3.055299999999967895e+02 1.408076416297751265e+00
3.055399999999967804e+02 1.219304410518186277e+00
3.055499999999967713e+02 1.077718047919833833e+00
3.055599999999967622e+02 9.863018313080924582e-01
3.055699999999967531e+02 9.116041130002188186e-01
3.055799999999967440e+02 8.629596145921044625e-01
3.055899999999967349e+02 8.794118457346162820e-01
3.055999999999967258e+02 9.834198011963406483e-01
3.056099999999967167e+02 1.125766312950383874e+00
3.056199999999967076e+02 1.156586685492882127e+00
3.056299999999966985e+02 1.038611545027101846e+00
3.056399999999966894e+02 9.151419648228407144e-01
3.056499999999966803e+02 8.517658596819559502e-01
3.056599999999966712e+02 8.135655038701502528e-01
3.056699999999966622e+02 7.667423068428573796e-01
3.056799999999966531e+02 7.320001080384890280e-01
3.056899999999966440e+02 7.415570122589005830e-01
3.056999999999966349e+02 7.982361590692843567e-01
3.057099999999966258e+02 8.649907816043306275e-01
3.057199999999966167e+02 8.900403987948405371e-01
3.057299999999966076e+02 8.851109251762471208e-01
3.057399999999965985e+02 9.163620054652518165e-01
3.057499999999965894e+02 1.017366030333845650e+00
3.057599999999965803e+02 1.148482582438778099e+00
3.057699999999965712e+02 1.231319419427809869e+00
3.057799999999965621e+02 1.274360415649214984e+00
3.057899999999965530e+02 1.379292939094212800e+00
3.057999999999965439e+02 1.651390374084919621e+00
3.058099999999965348e+02 2.196763398638060139e+00
3.058199999999965257e+02 3.121142425717629898e+00
3.058299999999965166e+02 4.337098463208874044e+00
3.058399999999965075e+02 5.108945679667863615e+00
3.058499999999964984e+02 4.663490650784367197e+00
3.058599999999964894e+02 3.635526686521731055e+00
3.058699999999964803e+02 2.818482484397398125e+00
3.058799999999964712e+02 2.308396711766896203e+00
3.058899999999964621e+02 1.948296318574699315e+00
3.058999999999964530e+02 1.652261449033987972e+00
3.059099999999964439e+02 1.454745798431638093e+00
3.059199999999964348e+02 1.387454259128051870e+00
3.059299999999964257e+02 1.427722364607953098e+00
3.059399999999964166e+02 1.527254689025957957e+00
3.059499999999964075e+02 1.667752422032716675e+00
3.059599999999963984e+02 1.899241385355363798e+00
3.059699999999963893e+02 2.316095713793640432e+00
3.059799999999963802e+02 3.003589768535602555e+00
3.059899999999963711e+02 3.851087848892006171e+00
3.059999999999963620e+02 4.206258911542620105e+00
3.060099999999963529e+02 3.642929968101437765e+00
3.060199999999963438e+02 2.820158873062008631e+00
3.060299999999963347e+02 2.203009325171784383e+00
3.060399999999963256e+02 1.792481193669539730e+00
3.060499999999963165e+02 1.504901664269693073e+00
3.060599999999963075e+02 1.287667674331648415e+00
3.060699999999962984e+02 1.125164401678817594e+00
3.060799999999962893e+02 1.016791012592682897e+00
3.060899999999962802e+02 9.511499134921450604e-01
3.060999999999962711e+02 9.151933426884346634e-01
3.061099999999962620e+02 9.164607724713225156e-01
3.061199999999962529e+02 9.736609316394485569e-01
3.061299999999962438e+02 1.084694530544213054e+00
3.061399999999962347e+02 1.191307467539368448e+00
3.061499999999962256e+02 1.196167287775339982e+00
3.061599999999962165e+02 1.090684388391814919e+00
3.061699999999962074e+02 9.668476717933844888e-01
3.061799999999961983e+02 8.784872455595620355e-01
3.061899999999961892e+02 8.106592882270811096e-01
3.061999999999961801e+02 7.400718194882123235e-01
3.062099999999961710e+02 6.742182693598911536e-01
3.062199999999961619e+02 6.312774691490359302e-01
3.062299999999961528e+02 6.191089103335443156e-01
3.062399999999961437e+02 6.366719608285139609e-01
3.062499999999961346e+02 6.780737755725878557e-01
3.062599999999961256e+02 7.310234985611692160e-01
3.062699999999961165e+02 7.772500608374495190e-01
3.062799999999961074e+02 8.127529381664198027e-01
3.062899999999960983e+02 8.605816339451479724e-01
3.062999999999960892e+02 9.224760004141703273e-01
3.063099999999960801e+02 9.254200645308279238e-01
3.063199999999960710e+02 8.244237094589021986e-01
3.063299999999960619e+02 7.085286151090718354e-01
3.063399999999960528e+02 6.497071239653158248e-01
3.063499999999960437e+02 6.507980651848581655e-01
3.063599999999960346e+02 6.878933467089296538e-01
3.063699999999960255e+02 7.243197172487293445e-01
3.063799999999960164e+02 7.354122426779368116e-01
3.063899999999960073e+02 7.440991535828154202e-01
3.063999999999959982e+02 7.855910813007872529e-01
3.064099999999959891e+02 8.530734366578436312e-01
3.064199999999959800e+02 9.132994499347029116e-01
3.064299999999959709e+02 9.628923770893068612e-01
3.064399999999959618e+02 1.017821081152510132e+00
3.064499999999959527e+02 1.075373197736408493e+00
3.064599999999959437e+02 1.131011941487789940e+00
3.064699999999959346e+02 1.191467401218261557e+00
3.064799999999959255e+02 1.250844241539237123e+00
3.064899999999959164e+02 1.291450434181915741e+00
3.064999999999959073e+02 1.307968713368234059e+00
3.065099999999958982e+02 1.294375891318875205e+00
3.065199999999958891e+02 1.244838051475825935e+00
3.065299999999958800e+02 1.199212574267242148e+00
3.065399999999958709e+02 1.209790979034766956e+00
3.065499999999958618e+02 1.267260050457746257e+00
3.065599999999958527e+02 1.303839441204178717e+00
3.065699999999958436e+02 1.287344950392016685e+00
3.065799999999958345e+02 1.232439556732936037e+00
3.065899999999958254e+02 1.132725792287698763e+00
3.065999999999958163e+02 9.985651276232601070e-01
3.066099999999958072e+02 8.767931035209544088e-01
3.066199999999957981e+02 7.917084628015100822e-01
3.066299999999957890e+02 7.349188605356534731e-01
3.066399999999957799e+02 6.963110188169251424e-01
3.066499999999957708e+02 6.776213406366956571e-01
3.066599999999957618e+02 6.908171469836130729e-01
3.066699999999957527e+02 7.575857649561058560e-01
3.066799999999957436e+02 9.098962579377475324e-01
3.066899999999957345e+02 1.190709614981316777e+00
3.066999999999957254e+02 1.646146088447314471e+00
3.067099999999957163e+02 2.233796092349364049e+00
3.067199999999957072e+02 2.533709371494114571e+00
3.067299999999956981e+02 2.140301564454976990e+00
3.067399999999956890e+02 1.563808854970098139e+00
3.067499999999956799e+02 1.202491672038046522e+00
3.067599999999956708e+02 1.060306583372983225e+00
3.067699999999956617e+02 1.095690226002210776e+00
3.067799999999956526e+02 1.319303487455324442e+00
3.067899999999956435e+02 1.797459887787415944e+00
3.067999999999956344e+02 2.543405594736255271e+00
3.068099999999956253e+02 3.066533708614040954e+00
3.068199999999956162e+02 2.707787035267394060e+00
3.068299999999956071e+02 2.059404575589907083e+00
3.068399999999955980e+02 1.647276162049201798e+00
3.068499999999955890e+02 1.445437229905802479e+00
3.068599999999955799e+02 1.337650741913305019e+00
3.068699999999955708e+02 1.256277951160014172e+00
3.068799999999955617e+02 1.192468205928201463e+00
3.068899999999955526e+02 1.162297524738391985e+00
3.068999999999955435e+02 1.161043884789866310e+00
3.069099999999955344e+02 1.142817293418112667e+00
3.069199999999955253e+02 1.080769103711669343e+00
3.069299999999955162e+02 1.027513328471009624e+00
3.069399999999955071e+02 1.034069966650984274e+00
3.069499999999954980e+02 1.067650984133678316e+00
3.069599999999954889e+02 1.028728443364320011e+00
3.069699999999954798e+02 9.012662844733492218e-01
3.069799999999954707e+02 7.838243348948111811e-01
3.069899999999954616e+02 7.363096807949226497e-01
3.069999999999954525e+02 7.595622862773934170e-01
3.070099999999954434e+02 8.306604620907983572e-01
3.070199999999954343e+02 9.017002946169871969e-01
3.070299999999954252e+02 9.067138247668887763e-01
3.070399999999954161e+02 8.338673551536482931e-01
3.070499999999954071e+02 7.455354275974102052e-01
3.070599999999953980e+02 6.905226416490183317e-01
3.070699999999953889e+02 6.769947327578692553e-01
3.070799999999953798e+02 6.976283437530920173e-01
3.070899999999953707e+02 7.457838058253656310e-01
3.070999999999953616e+02 8.230343655708712847e-01
3.071099999999953525e+02 9.270890602258647917e-01
3.071199999999953434e+02 1.013476040937491440e+00
3.071299999999953343e+02 1.006456363352640881e+00
3.071399999999953252e+02 9.126022004750147243e-01
3.071499999999953161e+02 8.123684558722161775e-01
3.071599999999953070e+02 7.471862071774328928e-01
3.071699999999952979e+02 7.176202247288281377e-01
3.071799999999952888e+02 7.260228478450080347e-01
3.071899999999952797e+02 7.838411360080457246e-01
3.071999999999952706e+02 8.793762066915581377e-01
3.072099999999952615e+02 9.376999980581703920e-01
3.072199999999952524e+02 8.962739824585044257e-01
3.072299999999952433e+02 8.145993291503480505e-01
3.072399999999952342e+02 7.598078058397719214e-01
3.072499999999952252e+02 7.384419324382418548e-01
3.072599999999952161e+02 7.435358278752048911e-01
3.072699999999952070e+02 7.962026525385699216e-01
3.072799999999951979e+02 9.490630124095401632e-01
3.072899999999951888e+02 1.264984911352010855e+00
3.072999999999951797e+02 1.708239035654550708e+00
3.073099999999951706e+02 1.930575441734793785e+00
3.073199999999951615e+02 1.702858692851701994e+00
3.073299999999951524e+02 1.322445720778242961e+00
3.073399999999951433e+02 1.021002744047541988e+00
3.073499999999951342e+02 8.433465013862545545e-01
3.073599999999951251e+02 7.840653026446084972e-01
3.073699999999951160e+02 8.469618878474362011e-01
3.073799999999951069e+02 1.036471325150639888e+00
3.073899999999950978e+02 1.234886481540300007e+00
3.073999999999950887e+02 1.184950249159458124e+00
3.074099999999950796e+02 9.590377979055078050e-01
3.074199999999950705e+02 7.750941137438913664e-01
3.074299999999950614e+02 6.786470110813386247e-01
3.074399999999950523e+02 6.495559830361166131e-01
3.074499999999950433e+02 6.673864388718123708e-01
3.074599999999950342e+02 7.210251127144809979e-01
3.074699999999950251e+02 8.126198242908068137e-01
3.074799999999950160e+02 9.513788361243129543e-01
3.074899999999950069e+02 1.111073543031069422e+00
3.074999999999949978e+02 1.190981956498712080e+00
3.075099999999949887e+02 1.136510593627467536e+00
3.075199999999949796e+02 1.024557477343613021e+00
3.075299999999949705e+02 9.164799306406410384e-01
3.075399999999949614e+02 8.254922109206909164e-01
3.075499999999949523e+02 7.614293846529861520e-01
3.075599999999949432e+02 7.304796448743232640e-01
3.075699999999949341e+02 7.373777090208987195e-01
3.075799999999949250e+02 8.027992787424013121e-01
3.075899999999949159e+02 9.758336267999301317e-01
3.075999999999949068e+02 1.331675079846300624e+00
3.076099999999948977e+02 1.879244655674743525e+00
3.076199999999948886e+02 2.341688417163405589e+00
3.076299999999948795e+02 2.487153252167224604e+00
3.076399999999948704e+02 2.566313677535981608e+00
3.076499999999948614e+02 2.746963687513515051e+00
3.076599999999948523e+02 2.777117046832021430e+00
3.076699999999948432e+02 2.304920674857867446e+00
3.076799999999948341e+02 1.644985810570510854e+00
3.076899999999948250e+02 1.184164387338717317e+00
3.076999999999948159e+02 9.345148373803573438e-01
3.077099999999948068e+02 8.097720740474099177e-01
3.077199999999947977e+02 7.420861425106577425e-01
3.077299999999947886e+02 6.947154643661210827e-01
3.077399999999947795e+02 6.671087351879241290e-01
3.077499999999947704e+02 6.773621534431886193e-01
3.077599999999947613e+02 7.307901276339194840e-01
3.077699999999947522e+02 8.074857554214316391e-01
3.077799999999947431e+02 8.789265811708960596e-01
3.077899999999947340e+02 9.275369988869712756e-01
3.077999999999947249e+02 9.297936885074123969e-01
3.078099999999947158e+02 8.703206251182017406e-01
3.078199999999947067e+02 7.976413934436954456e-01
3.078299999999946976e+02 7.802507118518147156e-01
3.078399999999946886e+02 8.460511587457790750e-01
3.078499999999946795e+02 9.679902204415862244e-01
3.078599999999946704e+02 1.056002521791597148e+00
3.078699999999946613e+02 1.059865056909815806e+00
3.078799999999946522e+02 1.038755891651707453e+00
3.078899999999946431e+02 1.039765551560104528e+00
3.078999999999946340e+02 1.071254137056819822e+00
3.079099999999946249e+02 1.163666554885586013e+00
3.079199999999946158e+02 1.374222950096443352e+00
3.079299999999946067e+02 1.732727936105247002e+00
3.079399999999945976e+02 2.102695458143567286e+00
3.079499999999945885e+02 2.089473584005936857e+00
3.079599999999945794e+02 1.639697910331274100e+00
3.079699999999945703e+02 1.180537222498321492e+00
3.079799999999945612e+02 8.913849087133950411e-01
3.079899999999945521e+02 7.402427003872464883e-01
3.079999999999945430e+02 6.779466910893579001e-01
3.080099999999945339e+02 6.722885586937134006e-01
3.080199999999945248e+02 6.956577095089504503e-01
3.080299999999945157e+02 7.205818128636601871e-01
3.080399999999945067e+02 7.323906194770828382e-01
3.080499999999944976e+02 7.339449275254121829e-01
3.080599999999944885e+02 7.434625654382409632e-01
3.080699999999944794e+02 7.909468378791878473e-01
3.080799999999944703e+02 8.914022797414917765e-01
3.080899999999944612e+02 9.981858783011031688e-01
3.080999999999944521e+02 1.014072907410817237e+00
3.081099999999944430e+02 9.386947889501257025e-01
3.081199999999944339e+02 8.593085215007761901e-01
3.081299999999944248e+02 8.238278878806133410e-01
3.081399999999944157e+02 8.440033527144251702e-01
3.081499999999944066e+02 9.179595449579369681e-01
3.081599999999943975e+02 1.005345014110728963e+00
3.081699999999943884e+02 1.014221767681838582e+00
3.081799999999943793e+02 9.281814311643975524e-01
3.081899999999943702e+02 8.476493621102922926e-01
3.081999999999943611e+02 8.411310509718811224e-01
3.082099999999943520e+02 9.157225429018127638e-01
3.082199999999943429e+02 1.045171128515645531e+00
3.082299999999943338e+02 1.201704544026848342e+00
3.082399999999943248e+02 1.385653544621511468e+00
3.082499999999943157e+02 1.566014452845141625e+00
3.082599999999943066e+02 1.641721727699038125e+00
3.082699999999942975e+02 1.622863440838836491e+00
3.082799999999942884e+02 1.666379183036230227e+00
3.082899999999942793e+02 1.851353797950090918e+00
3.082999999999942702e+02 2.005688404201676267e+00
3.083099999999942611e+02 1.807466332071384407e+00
3.083199999999942520e+02 1.425782103919399635e+00
3.083299999999942429e+02 1.164724202478806259e+00
3.083399999999942338e+02 1.039135322754779489e+00
3.083499999999942247e+02 9.675493989975750830e-01
3.083599999999942156e+02 9.023941163874937832e-01
3.083699999999942065e+02 8.620640895780412594e-01
3.083799999999941974e+02 8.838871037813523790e-01
3.083899999999941883e+02 9.881382223305984480e-01
3.083999999999941792e+02 1.158678085103210575e+00
3.084099999999941701e+02 1.310484875228494772e+00
3.084199999999941610e+02 1.365710188757645493e+00
3.084299999999941519e+02 1.395422804927064719e+00
3.084399999999941429e+02 1.518159164582580489e+00
3.084499999999941338e+02 1.750834004924491927e+00
3.084599999999941247e+02 1.885643041098586714e+00
3.084699999999941156e+02 1.645649209399270507e+00
3.084799999999941065e+02 1.234620258978380569e+00
3.084899999999940974e+02 9.271091434661993258e-01
3.084999999999940883e+02 7.497770833107528787e-01
3.085099999999940792e+02 6.594853813264111020e-01
3.085199999999940701e+02 6.197698568787388673e-01
3.085299999999940610e+02 6.028379065740294696e-01
3.085399999999940519e+02 5.901968746869851179e-01
3.085499999999940428e+02 5.815968220089864360e-01
3.085599999999940337e+02 5.914488302072954395e-01
3.085699999999940246e+02 6.305762989241815442e-01
3.085799999999940155e+02 6.945534251534082326e-01
3.085899999999940064e+02 7.691943082671442999e-01
3.085999999999939973e+02 8.444115707961890038e-01
3.086099999999939882e+02 8.998420678712313325e-01
3.086199999999939791e+02 8.890986747158685644e-01
3.086299999999939701e+02 8.097131611526859896e-01
3.086399999999939610e+02 7.258511775033300584e-01
3.086499999999939519e+02 6.741201025068731534e-01
3.086599999999939428e+02 6.431605214144577864e-01
3.086699999999939337e+02 6.188220943554882947e-01
3.086799999999939246e+02 6.096643219607080777e-01
3.086899999999939155e+02 6.268060161298919519e-01
3.086999999999939064e+02 6.683029576609113009e-01
3.087099999999938973e+02 7.287233204421132982e-01
3.087199999999938882e+02 8.122135394012097720e-01
3.087299999999938791e+02 9.226250930664401384e-01
3.087399999999938700e+02 1.034778250307441194e+00
3.087499999999938609e+02 1.102418683732006022e+00
3.087599999999938518e+02 1.109675167810618923e+00
3.087699999999938427e+02 1.075844411502865361e+00
3.087799999999938336e+02 1.026096246903965614e+00
3.087899999999938245e+02 9.738035276940161244e-01
3.087999999999938154e+02 9.250987648583599565e-01
3.088099999999938063e+02 9.007529739450836903e-01
3.088199999999937972e+02 9.190350326856395746e-01
3.088299999999937882e+02 9.567078244260839304e-01
3.088399999999937791e+02 9.726184827894009954e-01
3.088499999999937700e+02 9.845221198602067680e-01
3.088599999999937609e+02 1.055720141190875871e+00
3.088699999999937518e+02 1.245202544598007277e+00
3.088799999999937427e+02 1.577159115275658108e+00
3.088899999999937336e+02 1.891934079550481984e+00
3.088999999999937245e+02 1.827183294100874766e+00
3.089099999999937154e+02 1.457960341615465172e+00
3.089199999999937063e+02 1.118751189003816426e+00
3.089299999999936972e+02 9.112036423068357038e-01
3.089399999999936881e+02 8.203292420932501994e-01
3.089499999999936790e+02 8.105905174418617243e-01
3.089599999999936699e+02 8.315077979819293086e-01
3.089699999999936608e+02 8.277354358857008654e-01
3.089799999999936517e+02 7.850640578514332946e-01
3.089899999999936426e+02 7.305034748442233994e-01
3.089999999999936335e+02 6.932181608939373962e-01
3.090099999999936244e+02 6.984590799012376783e-01
3.090199999999936153e+02 7.704167602945879434e-01
3.090299999999936063e+02 9.292670355907817203e-01
3.090399999999935972e+02 1.172882558528589803e+00
3.090499999999935881e+02 1.423886644761259257e+00
3.090599999999935790e+02 1.501205533808473325e+00
3.090699999999935699e+02 1.317396700612025517e+00
3.090799999999935608e+02 1.059178984580190663e+00
3.090899999999935517e+02 9.014343987892190491e-01
3.090999999999935426e+02 8.742754983997316209e-01
3.091099999999935335e+02 9.453369760336201022e-01
3.091199999999935244e+02 1.027250959842557876e+00
3.091299999999935153e+02 1.010543414166333864e+00
3.091399999999935062e+02 9.158375696925724618e-01
3.091499999999934971e+02 8.475220979539861421e-01
3.091599999999934880e+02 8.634333881965987612e-01
3.091699999999934789e+02 9.891053367906388338e-01
3.091799999999934698e+02 1.252066072131872598e+00
3.091899999999934607e+02 1.645518637677692020e+00
3.091999999999934516e+02 1.986110907620806998e+00
3.092099999999934425e+02 2.043099799846618048e+00
3.092199999999934334e+02 1.955906498803686500e+00
3.092299999999934244e+02 1.925959811696474233e+00
3.092399999999934153e+02 1.913746817863601901e+00
3.092499999999934062e+02 1.743301439534870045e+00
3.092599999999933971e+02 1.426857120646873422e+00
3.092699999999933880e+02 1.146038398991007234e+00
3.092799999999933789e+02 9.667131257454183446e-01
3.092899999999933698e+02 8.665031128401141647e-01
3.092999999999933607e+02 8.252077328223590413e-01
3.093099999999933516e+02 8.491666769202986798e-01
3.093199999999933425e+02 9.681240302192976044e-01
3.093299999999933334e+02 1.231821641500729259e+00
3.093399999999933243e+02 1.714637975775313627e+00
3.093499999999933152e+02 2.527973562901077109e+00
3.093599999999933061e+02 3.793197468101260572e+00
3.093699999999932970e+02 5.318588909337279347e+00
3.093799999999932879e+02 6.048602972183302562e+00
3.093899999999932788e+02 5.180952886628805487e+00
3.093999999999932697e+02 3.700315918024530859e+00
3.094099999999932606e+02 2.591187609350344090e+00
3.094199999999932515e+02 1.938780892211068752e+00
3.094299999999932425e+02 1.568929349446472665e+00
3.094399999999932334e+02 1.363621226671245301e+00
3.094499999999932243e+02 1.275924017801767896e+00
3.094599999999932152e+02 1.273098686639802857e+00
3.094699999999932061e+02 1.283349064350047808e+00
3.094799999999931970e+02 1.235791875163190667e+00
3.094899999999931879e+02 1.170109675537128080e+00
3.094999999999931788e+02 1.153054427860060960e+00
3.095099999999931697e+02 1.152738370667635071e+00
3.095199999999931606e+02 1.079329537751636314e+00
3.095299999999931515e+02 9.415704597268986786e-01
3.095399999999931424e+02 8.272075090323498525e-01
3.095499999999931333e+02 7.679564885495986371e-01
3.095599999999931242e+02 7.494967589753530612e-01
3.095699999999931151e+02 7.518619177794332309e-01
3.095799999999931060e+02 7.561512056540650173e-01
3.095899999999930969e+02 7.568734809273220954e-01
3.095999999999930878e+02 7.730940388795197737e-01
3.096099999999930787e+02 8.093114081362280388e-01
3.096199999999930697e+02 8.116809426306687003e-01
3.096299999999930606e+02 7.423245188566452990e-01
3.096399999999930515e+02 6.617810500911323057e-01
3.096499999999930424e+02 6.250073650425093108e-01
3.096599999999930333e+02 6.375152324440745977e-01
3.096699999999930242e+02 6.926062239230217354e-01
3.096799999999930151e+02 7.945903219982464183e-01
3.096899999999930060e+02 9.525084859200386722e-01
3.096999999999929969e+02 1.142304971843239647e+00
3.097099999999929878e+02 1.294501875057068929e+00
3.097199999999929787e+02 1.374003244401672985e+00
3.097299999999929696e+02 1.413157958600742559e+00
3.097399999999929605e+02 1.469977024626815343e+00
3.097499999999929514e+02 1.619060768092533742e+00
3.097599999999929423e+02 1.941621408009768901e+00
3.097699999999929332e+02 2.464921599721977330e+00
3.097799999999929241e+02 2.970738959698055570e+00
3.097899999999929150e+02 2.962905206288264814e+00
3.097999999999929059e+02 2.403834265996619202e+00
3.098099999999928968e+02 1.784313485436242797e+00
3.098199999999928878e+02 1.360891542742012517e+00
3.098299999999928787e+02 1.124775886556179216e+00
3.098399999999928696e+02 1.014055664571343440e+00
3.098499999999928605e+02 9.830676970684331106e-01
3.098599999999928514e+02 9.972414480698523764e-01
3.098699999999928423e+02 1.023746334812657643e+00
3.098799999999928332e+02 1.046328592392537615e+00
3.098899999999928241e+02 1.057033102319837825e+00
3.098999999999928150e+02 1.015256262532422404e+00
3.099099999999928059e+02 9.021583668892271257e-01
3.099199999999927968e+02 7.929188646752840519e-01
3.099299999999927877e+02 7.535280459292956756e-01
3.099399999999927786e+02 7.852798528693920588e-01
3.099499999999927695e+02 8.452605125689887089e-01
3.099599999999927604e+02 8.809704648839905561e-01
3.099699999999927513e+02 8.947995346455730470e-01
3.099799999999927422e+02 9.332772235465176536e-01
3.099899999999927331e+02 1.016853745715334156e+00
3.099999999999927240e+02 1.107966831803793184e+00
3.100099999999927149e+02 1.151301988370892593e+00
3.100199999999927059e+02 1.162991084246261186e+00
3.100299999999926968e+02 1.199744757858456579e+00
3.100399999999926877e+02 1.282836967986767052e+00
3.100499999999926786e+02 1.418931234931524843e+00
3.100599999999926695e+02 1.658704321358841938e+00
3.100699999999926604e+02 2.098510110451570654e+00
3.100799999999926513e+02 2.757387670491868725e+00
3.100899999999926422e+02 3.333282135792866807e+00
3.100999999999926331e+02 3.469833710114102132e+00
3.101099999999926240e+02 3.307247714076063438e+00
3.101199999999926149e+02 3.060110310279970491e+00
3.101299999999926058e+02 2.841426451437349066e+00
3.101399999999925967e+02 2.761745882061074742e+00
3.101499999999925876e+02 2.813754212789145281e+00
3.101599999999925785e+02 2.785602305557016933e+00
3.101699999999925694e+02 2.472683840130349253e+00
3.101799999999925603e+02 2.000672166756196191e+00
3.101899999999925512e+02 1.609817571472104802e+00
3.101999999999925421e+02 1.399817704831313625e+00
3.102099999999925330e+02 1.376134867570940834e+00
3.102199999999925240e+02 1.535546653749849888e+00
3.102299999999925149e+02 1.895628574938165389e+00
3.102399999999925058e+02 2.430992085889015275e+00
3.102499999999924967e+02 2.894233499669474963e+00
3.102599999999924876e+02 2.955738554678997598e+00
3.102699999999924785e+02 2.675053520558878350e+00
3.102799999999924694e+02 2.298179486260242932e+00
3.102899999999924603e+02 2.005228068415171094e+00
3.102999999999924512e+02 1.865494661040934199e+00
3.103099999999924421e+02 1.792794085891905143e+00
3.103199999999924330e+02 1.609708456258075682e+00
3.103299999999924239e+02 1.322086684913238663e+00
3.103399999999924148e+02 1.090270392528275067e+00
3.103499999999924057e+02 9.701932042856197258e-01
3.103599999999923966e+02 9.308429565715417020e-01
3.103699999999923875e+02 9.131296242297594068e-01
3.103799999999923784e+02 8.628345044592727886e-01
3.103899999999923693e+02 7.863499213355629180e-01
3.103999999999923602e+02 7.344975701295727299e-01
3.104099999999923511e+02 7.317886272382984059e-01
3.104199999999923421e+02 7.563704600484554286e-01
3.104299999999923330e+02 7.613944394422322848e-01
3.104399999999923239e+02 7.430452170607142470e-01
3.104499999999923148e+02 7.496069641599746314e-01
3.104599999999923057e+02 8.092065243667637686e-01
3.104699999999922966e+02 8.847181501485832378e-01
3.104799999999922875e+02 8.928989338305080015e-01
3.104899999999922784e+02 8.296088344400339709e-01
3.104999999999922693e+02 7.621347771244759706e-01
3.105099999999922602e+02 7.226686840625591302e-01
3.105199999999922511e+02 7.153628392122576285e-01
3.105299999999922420e+02 7.417859182547917873e-01
3.105399999999922329e+02 7.875525061133433757e-01
3.105499999999922238e+02 8.105670166906164820e-01
3.105599999999922147e+02 7.876248191129082699e-01
3.105699999999922056e+02 7.527577874198047025e-01
3.105799999999921965e+02 7.499492925029034307e-01
3.105899999999921874e+02 7.882918818214225132e-01
3.105999999999921783e+02 8.355963655130564938e-01
3.106099999999921693e+02 8.645001770064579816e-01
3.106199999999921602e+02 9.096781482352771508e-01
3.106299999999921511e+02 1.011935764124567871e+00
3.106399999999921420e+02 1.114693023636032176e+00
3.106499999999921329e+02 1.076504913540264674e+00
3.106599999999921238e+02 9.243424171427609970e-01
3.106699999999921147e+02 8.053439910564992310e-01
3.106799999999921056e+02 7.746360861750449800e-01
3.106899999999920965e+02 8.187008520288515667e-01
3.106999999999920874e+02 8.812077458944843622e-01
3.107099999999920783e+02 8.855080792520997335e-01
3.107199999999920692e+02 8.274648009361227352e-01
3.107299999999920601e+02 7.720725811545610107e-01
3.107399999999920510e+02 7.534761556513087655e-01
3.107499999999920419e+02 7.606240675258807427e-01
3.107599999999920328e+02 7.776040464312730105e-01
3.107699999999920237e+02 7.962262841793610324e-01
3.107799999999920146e+02 7.956610704651670973e-01
3.107899999999920055e+02 7.625782278816259918e-01
3.107999999999919964e+02 7.249992710342798574e-01
3.108099999999919874e+02 7.209526555685704663e-01
3.108199999999919783e+02 7.634365440220589605e-01
3.108299999999919692e+02 8.337056509441642671e-01
3.108399999999919601e+02 8.853588659278008866e-01
3.108499999999919510e+02 8.878138585836540253e-01
3.108599999999919419e+02 8.601896395002921469e-01
3.108699999999919328e+02 8.244979265293155279e-01
3.108799999999919237e+02 7.737385291178813240e-01
3.108899999999919146e+02 7.023662996001938108e-01
3.108999999999919055e+02 6.327995907218882943e-01
3.109099999999918964e+02 5.903054826110248898e-01
3.109199999999918873e+02 5.806552579372837863e-01
3.109299999999918782e+02 6.007486947307085767e-01
3.109399999999918691e+02 6.470306611485840964e-01
3.109499999999918600e+02 7.067135950503317110e-01
3.109599999999918509e+02 7.593396343878664467e-01
3.109699999999918418e+02 7.994957375415061573e-01
3.109799999999918327e+02 8.263890719686899367e-01
3.109899999999918236e+02 8.229418282708012011e-01
3.109999999999918145e+02 7.949038301340075607e-01
3.110099999999918055e+02 7.800730786476798295e-01
3.110199999999917964e+02 7.913067814030356750e-01
3.110299999999917873e+02 7.983560856109686021e-01
3.110399999999917782e+02 7.718439431834045461e-01
3.110499999999917691e+02 7.243651570038424081e-01
3.110599999999917600e+02 6.933506301737900612e-01
3.110699999999917509e+02 7.118515346988646408e-01
3.110799999999917418e+02 8.005685486035796217e-01
3.110899999999917327e+02 9.601780062319106301e-01
3.110999999999917236e+02 1.129425554041914914e+00
3.111099999999917145e+02 1.167643754523599142e+00
3.111199999999917054e+02 1.054428491346416585e+00
3.111299999999916963e+02 9.527020250350908270e-01
3.111399999999916872e+02 9.726763142795572525e-01
3.111499999999916781e+02 1.143375236341770185e+00
3.111599999999916690e+02 1.401228196683156124e+00
3.111699999999916599e+02 1.467625775038764901e+00
3.111799999999916508e+02 1.225945042974960097e+00
3.111899999999916417e+02 9.582694155557797133e-01
3.111999999999916326e+02 7.943465890358606396e-01
3.112099999999916236e+02 7.098081290280739974e-01
3.112199999999916145e+02 6.661747908773325566e-01
3.112299999999916054e+02 6.511447609261443725e-01
3.112399999999915963e+02 6.782061758954183173e-01
3.112499999999915872e+02 7.654335572858492753e-01
3.112599999999915781e+02 9.114769118510297474e-01
3.112699999999915690e+02 1.075946012683429487e+00
3.112799999999915599e+02 1.207904424542866506e+00
3.112899999999915508e+02 1.285783617079866659e+00
3.112999999999915417e+02 1.253206828405268647e+00
3.113099999999915326e+02 1.083861250862388381e+00
3.113199999999915235e+02 8.942248039533788884e-01
3.113299999999915144e+02 7.682223530276091061e-01
3.113399999999915053e+02 6.996411569122840124e-01
3.113499999999914962e+02 6.617003410012476383e-01
3.113599999999914871e+02 6.416779683347291208e-01
3.113699999999914780e+02 6.399333212823137274e-01
3.113799999999914689e+02 6.561751040280913161e-01
3.113899999999914598e+02 6.834074433401563509e-01
3.113999999999914507e+02 7.189162088148502994e-01
3.114099999999914417e+02 7.781543215606672170e-01
3.114199999999914326e+02 8.828381873518409417e-01
3.114299999999914235e+02 1.018198864569465734e+00
3.114399999999914144e+02 1.092975852811249649e+00
3.114499999999914053e+02 1.041622095006875082e+00
3.114599999999913962e+02 9.473589363047567602e-01
3.114699999999913871e+02 9.079547617695435946e-01
3.114799999999913780e+02 9.590124031671668492e-01
3.114899999999913689e+02 1.105552364462405901e+00
3.114999999999913598e+02 1.306440635997952793e+00
3.115099999999913507e+02 1.412953588757221102e+00
3.115199999999913416e+02 1.304859129230937498e+00
3.115299999999913325e+02 1.113505816043262486e+00
3.115399999999913234e+02 9.958101538588788326e-01
3.115499999999913143e+02 9.725316812278910206e-01
3.115599999999913052e+02 9.801564522564194526e-01
3.115699999999912961e+02 9.471070636707131785e-01
3.115799999999912870e+02 8.803903528559990921e-01
3.115899999999912779e+02 8.253710822917982304e-01
3.115999999999912689e+02 7.957579970304762274e-01
3.116099999999912598e+02 7.897619066468782867e-01
3.116199999999912507e+02 8.067598528079300557e-01
3.116299999999912416e+02 8.364823199571774781e-01
3.116399999999912325e+02 8.546315891804524556e-01
3.116499999999912234e+02 8.377692996710009998e-01
3.116599999999912143e+02 7.860879345113035432e-01
3.116699999999912052e+02 7.265338787961497236e-01
3.116799999999911961e+02 6.913395884045901996e-01
3.116899999999911870e+02 7.059314148292941127e-01
3.116999999999911779e+02 7.885359642488745102e-01
3.117099999999911688e+02 9.448145220210306672e-01
3.117199999999911597e+02 1.163130246677347657e+00
3.117299999999911506e+02 1.425651321480713829e+00
3.117399999999911415e+02 1.681527964829287569e+00
3.117499999999911324e+02 1.756999480743800968e+00
3.117599999999911233e+02 1.577920173751160782e+00
3.117699999999911142e+02 1.371174379251383746e+00
3.117799999999911051e+02 1.269300824114715676e+00
3.117899999999910960e+02 1.235163257901070288e+00
3.117999999999910870e+02 1.202948886962357244e+00
3.118099999999910779e+02 1.144839714625098814e+00
3.118199999999910688e+02 1.068563868301893871e+00
3.118299999999910597e+02 1.008415737633612475e+00
3.118399999999910506e+02 1.009845045663591678e+00
3.118499999999910415e+02 1.098231756803593973e+00
3.118599999999910324e+02 1.226161785774323443e+00
3.118699999999910233e+02 1.252028145362630074e+00
3.118799999999910142e+02 1.147282030586987522e+00
3.118899999999910051e+02 1.051290730178660926e+00
3.118999999999909960e+02 1.047792523313833879e+00
3.119099999999909869e+02 1.142902348396559242e+00
3.119199999999909778e+02 1.303491444258151777e+00
3.119299999999909687e+02 1.466044657471456958e+00
3.119399999999909596e+02 1.569272567473800395e+00
3.119499999999909505e+02 1.557966536415896330e+00
3.119599999999909414e+02 1.388891452236153512e+00
3.119699999999909323e+02 1.138240398674532416e+00
3.119799999999909232e+02 9.410596244332801730e-01
3.119899999999909141e+02 8.520261462601661506e-01
3.119999999999909051e+02 8.708307187889440248e-01
3.120099999999908960e+02 9.915660725541637355e-01
3.120199999999908869e+02 1.219690894236450607e+00
3.120299999999908778e+02 1.574889100759945704e+00
3.120399999999908687e+02 2.017674166848401729e+00
3.120499999999908596e+02 2.244145945720823931e+00
3.120599999999908505e+02 1.936627215007571401e+00
3.120699999999908414e+02 1.432511718651925392e+00
3.120799999999908323e+02 1.095624378143915223e+00
3.120899999999908232e+02 9.581927921629247447e-01
3.120999999999908141e+02 9.793395998879166342e-01
3.121099999999908050e+02 1.146025951616135741e+00
3.121199999999907959e+02 1.417748943086307056e+00
3.121299999999907868e+02 1.583655450657736496e+00
3.121399999999907777e+02 1.476258190077719190e+00
3.121499999999907686e+02 1.291351614484187671e+00
3.121599999999907595e+02 1.181257765246416680e+00
3.121699999999907504e+02 1.138622174611376492e+00
3.121799999999907413e+02 1.131299059818041908e+00
3.121899999999907322e+02 1.148762235874257742e+00
3.121999999999907232e+02 1.163125044726419199e+00
3.122099999999907141e+02 1.130968886885916236e+00
3.122199999999907050e+02 1.084128608989309184e+00
3.122299999999906959e+02 1.103113750732000797e+00
3.122399999999906868e+02 1.210115401360213561e+00
3.122499999999906777e+02 1.342211602015656258e+00
3.122599999999906686e+02 1.408525339479310023e+00
3.122699999999906595e+02 1.383237307146636175e+00
3.122799999999906504e+02 1.305251189372907961e+00
3.122899999999906413e+02 1.237563705353243337e+00
3.122999999999906322e+02 1.237489808908559308e+00
3.123099999999906231e+02 1.325184349253166749e+00
3.123199999999906140e+02 1.455794352810001024e+00
3.123299999999906049e+02 1.516740152233133632e+00
3.123399999999905958e+02 1.417694945822636443e+00
3.123499999999905867e+02 1.203370625955527684e+00
3.123599999999905776e+02 1.000490188051600171e+00
3.123699999999905685e+02 8.783941151641541101e-01
3.123799999999905594e+02 8.322312940235092604e-01
3.123899999999905504e+02 8.285840329320062203e-01
3.123999999999905413e+02 8.435605617036582293e-01
3.124099999999905322e+02 8.768589985507044826e-01
3.124199999999905231e+02 9.232262598983794755e-01
3.124299999999905140e+02 9.502189444932471751e-01
3.124399999999905049e+02 9.320300141670568861e-01
3.124499999999904958e+02 8.899944528095136143e-01
3.124599999999904867e+02 8.637368916839072153e-01
3.124699999999904776e+02 8.669560978612655955e-01
3.124799999999904685e+02 8.771439977100222718e-01
3.124899999999904594e+02 8.530101430797221163e-01
3.124999999999904503e+02 7.835742732263580868e-01
3.125099999999904412e+02 7.030404139299284427e-01
3.125199999999904321e+02 6.447874907735490213e-01
3.125299999999904230e+02 6.220065619364951726e-01
3.125399999999904139e+02 6.394388168095649361e-01
3.125499999999904048e+02 7.063612537205711250e-01
3.125599999999903957e+02 8.473313672317356327e-01
3.125699999999903866e+02 1.104327083255969733e+00
3.125799999999903775e+02 1.488045010572713656e+00
3.125899999999903685e+02 1.821892492278824438e+00
3.125999999999903594e+02 1.839786764838010180e+00
3.126099999999903503e+02 1.644056251995282381e+00
3.126199999999903412e+02 1.439055743662489562e+00
3.126299999999903321e+02 1.300840977280868227e+00
3.126399999999903230e+02 1.252427198821256304e+00
3.126499999999903139e+02 1.253608769505421217e+00
3.126599999999903048e+02 1.205571499923649315e+00
3.126699999999902957e+02 1.086298520774074072e+00
3.126799999999902866e+02 9.830986870561611024e-01
3.126899999999902775e+02 9.582926006582689338e-01
3.126999999999902684e+02 1.015012971450286905e+00
3.127099999999902593e+02 1.096634802140047826e+00
3.127199999999902502e+02 1.116962069673954838e+00
3.127299999999902411e+02 1.087351365836176420e+00
3.127399999999902320e+02 1.083544522173687463e+00
3.127499999999902229e+02 1.120523716073789977e+00
3.127599999999902138e+02 1.135747783766377417e+00
3.127699999999902047e+02 1.067639880753516790e+00
3.127799999999901956e+02 9.579405283417333772e-01
3.127899999999901866e+02 8.790114682887311126e-01
3.127999999999901775e+02 8.501353714317907428e-01
3.128099999999901684e+02 8.550940679933268784e-01
3.128199999999901593e+02 8.699966659850266737e-01
3.128299999999901502e+02 8.816724145674363911e-01
3.128399999999901411e+02 8.951665643440849252e-01
3.128499999999901320e+02 9.137733772360008278e-01
3.128599999999901229e+02 9.176267162801655664e-01
3.128699999999901138e+02 8.883446520957808401e-01
3.128799999999901047e+02 8.440889050411837236e-01
3.128899999999900956e+02 8.179235720467111781e-01
3.128999999999900865e+02 8.305440136464730116e-01
3.129099999999900774e+02 8.879714179410255204e-01
3.129199999999900683e+02 9.751894829028993072e-01
3.129299999999900592e+02 1.055749988956202312e+00
3.129399999999900501e+02 1.113894699813995137e+00
3.129499999999900410e+02 1.164287452190465810e+00
3.129599999999900319e+02 1.194174691600936589e+00
3.129699999999900228e+02 1.176413173524412326e+00
3.129799999999900137e+02 1.134257356232909686e+00
3.129899999999900047e+02 1.110809116784956085e+00
3.129999999999899956e+02 1.107878691184251974e+00
3.130099999999899865e+02 1.085925830950690507e+00
3.130199999999899774e+02 1.007686227654738476e+00
3.130299999999899683e+02 8.881176831521433446e-01
3.130399999999899592e+02 7.782561560054757077e-01
3.130499999999899501e+02 7.096779550442563478e-01
3.130599999999899410e+02 6.814028668333823591e-01
3.130699999999899319e+02 6.787441935260853931e-01
3.130799999999899228e+02 7.000278775910347973e-01
3.130899999999899137e+02 7.693867560073929246e-01
3.130999999999899046e+02 9.231401959094578391e-01
3.131099999999898955e+02 1.181881504932759341e+00
3.131199999999898864e+02 1.480967158153357222e+00
3.131299999999898773e+02 1.636522522862229767e+00
3.131399999999898682e+02 1.581111554753227733e+00
3.131499999999898591e+02 1.434986876351401319e+00
3.131599999999898500e+02 1.277784357114851055e+00
3.131699999999898409e+02 1.128672984356196896e+00
3.131799999999898318e+02 1.009986503154779669e+00
3.131899999999898228e+02 9.390733435739415658e-01
3.131999999999898137e+02 9.082285496352447973e-01
3.132099999999898046e+02 8.992483403454374358e-01
3.132199999999897955e+02 9.015390452922007469e-01
3.132299999999897864e+02 9.059394162927092431e-01
3.132399999999897773e+02 8.982770225698061273e-01
3.132499999999897682e+02 8.791967845802196591e-01
3.132599999999897591e+02 8.731330022460077611e-01
3.132699999999897500e+02 9.125574666464079110e-01
3.132799999999897409e+02 1.030402451512484552e+00
3.132899999999897318e+02 1.234950035344158481e+00
3.132999999999897227e+02 1.420073746241894863e+00
3.133099999999897136e+02 1.408535209793743359e+00
3.133199999999897045e+02 1.271887036161126083e+00
3.133299999999896954e+02 1.179848285649696571e+00
3.133399999999896863e+02 1.151803742986448054e+00
3.133499999999896772e+02 1.106346622483996844e+00
3.133599999999896681e+02 9.949304407730108490e-01
3.133699999999896590e+02 8.779486020279573255e-01
3.133799999999896500e+02 8.233684651898268703e-01
3.133899999999896409e+02 8.584614607325811164e-01
3.133999999999896318e+02 9.894046773533452521e-01
3.134099999999896227e+02 1.176141797245659149e+00
3.134199999999896136e+02 1.279526914357931755e+00
3.134299999999896045e+02 1.193144782136992710e+00
3.134399999999895954e+02 1.021641259823924841e+00
3.134499999999895863e+02 8.951227306283318086e-01
3.134599999999895772e+02 8.592105300593699813e-01
3.134699999999895681e+02 9.348431358898543486e-01
3.134799999999895590e+02 1.163691805955944236e+00
3.134899999999895499e+02 1.605612667317328324e+00
3.134999999999895408e+02 2.184239512924247339e+00
3.135099999999895317e+02 2.425088667237168760e+00
3.135199999999895226e+02 2.103881321800813886e+00
3.135299999999895135e+02 1.647949659980926684e+00
3.135399999999895044e+02 1.308165598059945367e+00
3.135499999999894953e+02 1.092968138014603241e+00
3.135599999999894862e+02 9.636625625267110085e-01
3.135699999999894771e+02 8.915878701089574587e-01
3.135799999999894681e+02 8.504881113336277831e-01
3.135899999999894590e+02 8.148197064307609594e-01
3.135999999999894499e+02 7.878973254857253306e-01
3.136099999999894408e+02 8.017403109263406824e-01
3.136199999999894317e+02 8.770309819396678863e-01
3.136299999999894226e+02 9.928375889461150683e-01
3.136399999999894135e+02 1.089874809589427951e+00
3.136499999999894044e+02 1.129315196102965713e+00
3.136599999999893953e+02 1.110702784881489436e+00
3.136699999999893862e+02 1.042198044133327173e+00
3.136799999999893771e+02 9.527980722087422416e-01
3.136899999999893680e+02 8.797941880441816354e-01
3.136999999999893589e+02 8.399988996427378840e-01
3.137099999999893498e+02 8.364858835226764988e-01
3.137199999999893407e+02 8.805569905339237780e-01
3.137299999999893316e+02 1.000634012031759834e+00
3.137399999999893225e+02 1.220839686107092037e+00
3.137499999999893134e+02 1.470583661711484025e+00
3.137599999999893043e+02 1.524513131057176674e+00
3.137699999999892952e+02 1.335664939987526667e+00
3.137799999999892862e+02 1.102686365341579267e+00
3.137899999999892771e+02 9.290290183686682468e-01
3.137999999999892680e+02 8.281902917541331677e-01
3.138099999999892589e+02 7.931760273567837194e-01
3.138199999999892498e+02 7.984379646472902214e-01
3.138299999999892407e+02 8.024202546970221617e-01
3.138399999999892316e+02 7.893224214708418618e-01
3.138499999999892225e+02 7.867777879773080185e-01
3.138599999999892134e+02 8.142452481327864255e-01
3.138699999999892043e+02 8.448716507088402938e-01
3.138799999999891952e+02 8.287316048115449529e-01
3.138899999999891861e+02 7.617040685199252259e-01
3.138999999999891770e+02 6.888460766039257166e-01
3.139099999999891679e+02 6.483962398995266607e-01
3.139199999999891588e+02 6.554614032009388191e-01
3.139299999999891497e+02 7.100689358962188891e-01
3.139399999999891406e+02 7.931647945728781401e-01
3.139499999999891315e+02 8.581578177749045189e-01
3.139599999999891224e+02 8.617315068747992690e-01
3.139699999999891133e+02 8.120933888751267204e-01
3.139799999999891043e+02 7.511262871785673312e-01
3.139899999999890952e+02 7.088995108515045995e-01
3.139999999999890861e+02 6.883077873261401747e-01
3.140099999999890770e+02 6.734403433269439132e-01
3.140199999999890679e+02 6.569423768654905071e-01
3.140299999999890588e+02 6.584218989076605633e-01
3.140399999999890497e+02 7.066632784583557481e-01
3.140499999999890406e+02 8.240808118584739272e-01
3.140599999999890315e+02 1.011095685152081591e+00
3.140699999999890224e+02 1.187644990678070389e+00
3.140799999999890133e+02 1.197125164019223531e+00
3.140899999999890042e+02 1.050404393155532468e+00
3.140999999999889951e+02 9.097772231098169016e-01
3.141099999999889860e+02 8.461598768782401248e-01
3.141199999999889769e+02 8.397683673096383306e-01
3.141299999999889678e+02 8.411180236914596042e-01
3.141399999999889587e+02 8.275056777761670146e-01
3.141499999999889496e+02 8.206266746941178747e-01
3.141599999999889405e+02 8.292732181588384766e-01
3.141699999999889314e+02 8.272192352032248230e-01
3.141799999999889224e+02 8.070457476418839704e-01
3.141899999999889133e+02 7.977787217285559063e-01
3.141999999999889042e+02 8.059956670717944860e-01
3.142099999999888951e+02 7.998061232838514778e-01
3.142199999999888860e+02 7.642326413108844196e-01
3.142299999999888769e+02 7.269301627763339324e-01
3.142399999999888678e+02 7.089726690654741814e-01
3.142499999999888587e+02 7.083488476965205116e-01
3.142599999999888496e+02 7.264867764528255556e-01
3.142699999999888405e+02 7.694747495895704059e-01
3.142799999999888314e+02 8.229839670030787424e-01
3.142899999999888223e+02 8.565193319030698360e-01
3.142999999999888132e+02 8.646972946296810347e-01
3.143099999999888041e+02 8.714907286042620216e-01
3.143199999999887950e+02 8.937072091308686517e-01
3.143299999999887859e+02 9.216483568319374653e-01
3.143399999999887768e+02 9.265063663753037027e-01
3.143499999999887677e+02 9.093355217228231702e-01
3.143599999999887586e+02 9.191868589644117682e-01
3.143699999999887496e+02 9.974392935597415910e-01
3.143799999999887405e+02 1.132170399706184272e+00
3.143899999999887314e+02 1.242398980676684417e+00
3.143999999999887223e+02 1.273887370978748157e+00
3.144099999999887132e+02 1.289204809569881816e+00
3.144199999999887041e+02 1.379594941282686671e+00
3.144299999999886950e+02 1.619582854653682125e+00
3.144399999999886859e+02 2.086002931061770926e+00
3.144499999999886768e+02 2.801857267240252636e+00
3.144599999999886677e+02 3.547614295335245416e+00
3.144699999999886586e+02 3.940711537452168400e+00
3.144799999999886495e+02 3.957986483346135120e+00
3.144899999999886404e+02 3.846779482991533161e+00
3.144999999999886313e+02 3.726844748787200956e+00
3.145099999999886222e+02 3.579217398620926804e+00
3.145199999999886131e+02 3.396782227517895159e+00
3.145299999999886040e+02 3.216720686932371009e+00
3.145399999999885949e+02 3.015834842801290439e+00
3.145499999999885858e+02 2.692560632926031872e+00
3.145599999999885767e+02 2.257590500698011482e+00
3.145699999999885677e+02 1.880669323317096353e+00
3.145799999999885586e+02 1.662300129394875370e+00
3.145899999999885495e+02 1.569267498812209727e+00
3.145999999999885404e+02 1.521260081579207890e+00
3.146099999999885313e+02 1.481902961326112544e+00
3.146199999999885222e+02 1.466908736959902759e+00
3.146299999999885131e+02 1.462491008310154550e+00
3.146399999999885040e+02 1.430970052348816246e+00
3.146499999999884949e+02 1.384862530742994036e+00
3.146599999999884858e+02 1.342015240232599549e+00
3.146699999999884767e+02 1.265282475490993708e+00
3.146799999999884676e+02 1.139348193612895299e+00
3.146899999999884585e+02 1.014796171996872776e+00
3.146999999999884494e+02 9.362487853097121171e-01
3.147099999999884403e+02 9.130599741289762150e-01
3.147199999999884312e+02 9.384549841910011514e-01
3.147299999999884221e+02 1.001965090228643662e+00
3.147399999999884130e+02 1.079396233788195270e+00
3.147499999999884039e+02 1.118705144283469011e+00
3.147599999999883948e+02 1.092662723478057263e+00
3.147699999999883858e+02 1.054223757398322414e+00
3.147799999999883767e+02 1.066150388612723265e+00
3.147899999999883676e+02 1.145576891978344447e+00
3.147999999999883585e+02 1.265991538525776727e+00
3.148099999999883494e+02 1.359330591227467355e+00
3.148199999999883403e+02 1.370514490525471141e+00
3.148299999999883312e+02 1.328540136978304975e+00
3.148399999999883221e+02 1.280463893462228997e+00
3.148499999999883130e+02 1.221704073115528422e+00
3.148599999999883039e+02 1.138446560913029204e+00
3.148699999999882948e+02 1.058158523640372106e+00
3.148799999999882857e+02 1.024288315008151873e+00
3.148899999999882766e+02 1.041762607780983396e+00
3.148999999999882675e+02 1.059475852762909343e+00
3.149099999999882584e+02 1.029197711631839596e+00
3.149199999999882493e+02 9.652837509733206423e-01
3.149299999999882402e+02 8.856325929945604303e-01
3.149399999999882311e+02 7.971862441305475055e-01
3.149499999999882220e+02 7.354825535688342963e-01
3.149599999999882129e+02 7.276448698646506008e-01
3.149699999999882039e+02 7.509945460049916033e-01
3.149799999999881948e+02 7.467617361406481136e-01
3.149899999999881857e+02 7.009676266557547386e-01
3.149999999999881766e+02 6.618934598129245783e-01
3.150099999999881675e+02 6.598401285197180721e-01
3.150199999999881584e+02 6.828320477676705913e-01
3.150299999999881493e+02 6.991437902499736401e-01
3.150399999999881402e+02 7.034462834535946119e-01
3.150499999999881311e+02 7.306527536817067903e-01
3.150599999999881220e+02 8.112345652180832367e-01
3.150699999999881129e+02 9.337178179707771308e-01
3.150799999999881038e+02 1.039349995886396094e+00
3.150899999999880947e+02 1.091169519124181697e+00
3.150999999999880856e+02 1.114966941706428738e+00
3.151099999999880765e+02 1.118734804222102142e+00
3.151199999999880674e+02 1.061327892927164118e+00
3.151299999999880583e+02 9.411319802228160780e-01
3.151399999999880492e+02 8.265228177518983976e-01
3.151499999999880401e+02 7.621448652195390583e-01
3.151599999999880310e+02 7.412757121585449305e-01
3.151699999999880220e+02 7.399999834908203011e-01
3.151799999999880129e+02 7.517375074583066974e-01
3.151899999999880038e+02 7.918120557672096993e-01
3.151999999999879947e+02 8.715524246285101251e-01
3.152099999999879856e+02 9.663433441322634154e-01
3.152199999999879765e+02 9.873086999943190278e-01
3.152299999999879674e+02 8.774491252751810411e-01
3.152399999999879583e+02 7.353059234920229503e-01
3.152499999999879492e+02 6.542593086034214078e-01
3.152599999999879401e+02 6.493317446240332025e-01
3.152699999999879310e+02 7.139257524339970296e-01
3.152799999999879219e+02 8.406488159651939185e-01
3.152899999999879128e+02 1.010902111625213262e+00
3.152999999999879037e+02 1.167858954986657372e+00
3.153099999999878946e+02 1.196987018617839738e+00
3.153199999999878855e+02 1.049690954678127897e+00
3.153299999999878764e+02 8.504596250672334934e-01
3.153399999999878673e+02 7.136445153598359736e-01
3.153499999999878582e+02 6.596977245369243237e-01
3.153599999999878492e+02 6.672871204772611309e-01
3.153699999999878401e+02 7.091893716859041241e-01
3.153799999999878310e+02 7.750052444420990616e-01
3.153899999999878219e+02 8.732026053378371122e-01
3.153999999999878128e+02 9.900853919452562435e-01
3.154099999999878037e+02 1.034856174662570627e+00
3.154199999999877946e+02 9.298863769452372363e-01
3.154299999999877855e+02 7.703068036394944418e-01
3.154399999999877764e+02 6.635897819320742963e-01
3.154499999999877673e+02 6.262395857137249555e-01
3.154599999999877582e+02 6.342489319938652281e-01
3.154699999999877491e+02 6.563039076752812395e-01
3.154799999999877400e+02 6.845956435611384450e-01
3.154899999999877309e+02 7.455687437594559208e-01
3.154999999999877218e+02 8.691417890367988397e-01
3.155099999999877127e+02 1.050101942625059737e+00
3.155199999999877036e+02 1.240534232439300055e+00
3.155299999999876945e+02 1.398637616449460053e+00
3.155399999999876854e+02 1.457936725328924377e+00
3.155499999999876763e+02 1.318949912568521121e+00
3.155599999999876673e+02 1.054565479825171570e+00
3.155699999999876582e+02 8.352771254528835732e-01
3.155799999999876491e+02 7.238703374931896306e-01
3.155899999999876400e+02 7.094047533476910417e-01
3.155999999999876309e+02 7.630928743787499524e-01
3.156099999999876218e+02 8.350907716531900116e-01
3.156199999999876127e+02 8.655836789756929939e-01
3.156299999999876036e+02 8.568554225137934299e-01
3.156399999999875945e+02 8.660789271966927716e-01
3.156499999999875854e+02 9.218774429155467409e-01
3.156599999999875763e+02 9.782479968064001774e-01
3.156699999999875672e+02 9.476850483724217344e-01
3.156799999999875581e+02 8.488935402161700283e-01
3.156899999999875490e+02 7.784165365992383734e-01
3.156999999999875399e+02 7.824334926559307624e-01
3.157099999999875308e+02 8.570198780735258648e-01
3.157199999999875217e+02 9.544141235505300136e-01
3.157299999999875126e+02 9.910180612110348619e-01
3.157399999999875035e+02 9.521276927225809095e-01
3.157499999999874944e+02 9.185989767450665200e-01
3.157599999999874854e+02 9.645107854902371658e-01
3.157699999999874763e+02 1.137483473991150573e+00
3.157799999999874672e+02 1.461251226157168182e+00
3.157899999999874581e+02 1.848161593713959272e+00
3.157999999999874490e+02 2.056729244472851104e+00
3.158099999999874399e+02 2.038383905897464210e+00
3.158199999999874308e+02 1.971730128204843613e+00
3.158299999999874217e+02 1.895351073560425759e+00
3.158399999999874126e+02 1.764396411105566997e+00
3.158499999999874035e+02 1.636260070632547192e+00
3.158599999999873944e+02 1.593519770943817804e+00
3.158699999999873853e+02 1.630733327680108591e+00
3.158799999999873762e+02 1.637292144897366519e+00
3.158899999999873671e+02 1.496152137817700956e+00
3.158999999999873580e+02 1.295793591699975433e+00
3.159099999999873489e+02 1.200062850467160214e+00
3.159199999999873398e+02 1.265991833207745998e+00
3.159299999999873307e+02 1.473098003928767108e+00
3.159399999999873216e+02 1.740152404419642140e+00
3.159499999999873125e+02 1.996019613414764970e+00
3.159599999999873035e+02 2.273276620046116747e+00
3.159699999999872944e+02 2.564861870105970443e+00
3.159799999999872853e+02 2.620448811092304542e+00
3.159899999999872762e+02 2.302829374778914584e+00
3.159999999999872671e+02 1.930201276204543737e+00
3.160099999999872580e+02 1.717914884711222889e+00
3.160199999999872489e+02 1.641602227444432405e+00
3.160299999999872398e+02 1.602546622331746384e+00
3.160399999999872307e+02 1.519113475641875821e+00
3.160499999999872216e+02 1.393805887367370877e+00
3.160599999999872125e+02 1.291761027417003271e+00
3.160699999999872034e+02 1.257653378313281944e+00
3.160799999999871943e+02 1.284688615272350010e+00
3.160899999999871852e+02 1.330837822254292258e+00
3.160999999999871761e+02 1.357077952301642521e+00
3.161099999999871670e+02 1.347042722203213083e+00
3.161199999999871579e+02 1.299214578093015993e+00
3.161299999999871488e+02 1.250052959931128083e+00
3.161399999999871397e+02 1.270047740197009611e+00
3.161499999999871306e+02 1.409504966315631602e+00
3.161599999999871216e+02 1.637697911271370765e+00
3.161699999999871125e+02 1.800391133724316806e+00
3.161799999999871034e+02 1.785094863150326283e+00
3.161899999999870943e+02 1.688304565452583006e+00
3.161999999999870852e+02 1.637171380739794957e+00
3.162099999999870761e+02 1.645901307191935281e+00
3.162199999999870670e+02 1.620727944964793110e+00
3.162299999999870579e+02 1.498662014961316791e+00
3.162399999999870488e+02 1.373480572358690921e+00
3.162499999999870397e+02 1.356831767261529542e+00
3.162599999999870306e+02 1.474417361032905660e+00
3.162699999999870215e+02 1.610159302103001400e+00
3.162799999999870124e+02 1.504572475377212726e+00
3.162899999999870033e+02 1.202039929940832419e+00
3.162999999999869942e+02 9.753011848904706849e-01
3.163099999999869851e+02 9.088033611368547815e-01
3.163199999999869760e+02 9.996338489575684605e-01
3.163299999999869669e+02 1.229457886480999296e+00
3.163399999999869578e+02 1.467637852252195119e+00
3.163499999999869488e+02 1.453678239792544957e+00
3.163599999999869397e+02 1.205994452424079766e+00
3.163699999999869306e+02 9.707212292772476880e-01
3.163799999999869215e+02 8.496075156922970883e-01
3.163899999999869124e+02 8.322839361680440806e-01
3.163999999999869033e+02 8.670864663235630099e-01
3.164099999999868942e+02 8.853042648234682455e-01
3.164199999999868851e+02 8.557575189993094078e-01
3.164299999999868760e+02 7.965774403720210506e-01
3.164399999999868669e+02 7.376170415023469706e-01
3.164499999999868578e+02 7.141796280345310555e-01
3.164599999999868487e+02 7.581150031016512525e-01
3.164699999999868396e+02 8.768948296587745217e-01
3.164799999999868305e+02 1.020468281495526153e+00
3.164899999999868214e+02 1.099588903435957610e+00
3.164999999999868123e+02 1.107416239242409173e+00
3.165099999999868032e+02 1.100704594764794653e+00
3.165199999999867941e+02 1.098371945447566889e+00
3.165299999999867850e+02 1.088339498964260077e+00
3.165399999999867759e+02 1.072172333677755329e+00
3.165499999999867669e+02 1.070251291117894965e+00
3.165599999999867578e+02 1.096068199571492041e+00
3.165699999999867487e+02 1.147984019012791901e+00
3.165799999999867396e+02 1.211955630703014153e+00
3.165899999999867305e+02 1.248481249359758127e+00
3.165999999999867214e+02 1.200018715383622148e+00
3.166099999999867123e+02 1.071502491095423393e+00
3.166199999999867032e+02 9.398191065446799275e-01
3.166299999999866941e+02 8.490581350679109462e-01
3.166399999999866850e+02 7.926859063433144836e-01
3.166499999999866759e+02 7.667860373279221653e-01
3.166599999999866668e+02 7.915707100207343139e-01
3.166699999999866577e+02 8.843787359585533192e-01
3.166799999999866486e+02 1.017877886205074356e+00
3.166899999999866395e+02 1.115023842643547924e+00
3.166999999999866304e+02 1.163303228816386037e+00
3.167099999999866213e+02 1.237295245120139997e+00
3.167199999999866122e+02 1.358632314774021577e+00
3.167299999999866031e+02 1.459225978550446001e+00
3.167399999999865940e+02 1.476605366205346215e+00
3.167499999999865850e+02 1.406936384923868744e+00
3.167599999999865759e+02 1.250335692675905497e+00
3.167699999999865668e+02 1.046634162836497683e+00
3.167799999999865577e+02 8.777067226315105053e-01
3.167899999999865486e+02 7.770726461634234195e-01
3.167999999999865395e+02 7.252673648666954076e-01
3.168099999999865304e+02 6.922275612928285859e-01
3.168199999999865213e+02 6.646335004841374960e-01
3.168299999999865122e+02 6.480771758045169584e-01
3.168399999999865031e+02 6.548720914387164971e-01
3.168499999999864940e+02 7.019688324175650251e-01
3.168599999999864849e+02 8.145516557956364867e-01
3.168699999999864758e+02 1.006401272181148610e+00
3.168799999999864667e+02 1.210726627215178208e+00
3.168899999999864576e+02 1.284234874307379259e+00
3.168999999999864485e+02 1.218792701087360708e+00
3.169099999999864394e+02 1.128791535229836773e+00
3.169199999999864303e+02 1.097852438921185003e+00
3.169299999999864212e+02 1.162386680479170709e+00
3.169399999999864121e+02 1.289595215806479622e+00
3.169499999999864031e+02 1.351183122049675056e+00
3.169599999999863940e+02 1.297626095953867020e+00
3.169699999999863849e+02 1.229416607682055407e+00
3.169799999999863758e+02 1.174494753033119121e+00
3.169899999999863667e+02 1.091126310697226431e+00
3.169999999999863576e+02 9.958491408584350113e-01
3.170099999999863485e+02 9.446851769383679542e-01
3.170199999999863394e+02 9.525145817080297173e-01
3.170299999999863303e+02 9.857787403298762241e-01
3.170399999999863212e+02 1.007682149116505332e+00
3.170499999999863121e+02 1.016679756751242669e+00
3.170599999999863030e+02 1.008937365248692819e+00
3.170699999999862939e+02 9.538282784408899095e-01
3.170799999999862848e+02 8.561598831433554491e-01
3.170899999999862757e+02 7.737114254293420146e-01
3.170999999999862666e+02 7.473933797498388820e-01
3.171099999999862575e+02 7.785352871915062201e-01
3.171199999999862484e+02 8.361737289742127155e-01
3.171299999999862393e+02 8.632713351926850631e-01
3.171399999999862303e+02 8.325592517685995730e-01
3.171499999999862212e+02 7.759214320220898520e-01
3.171599999999862121e+02 7.223574685894097458e-01
3.171699999999862030e+02 6.774496909052023508e-01
3.171799999999861939e+02 6.452561162309553566e-01
3.171899999999861848e+02 6.334672860606687106e-01
3.171999999999861757e+02 6.471464351632446599e-01
3.172099999999861666e+02 6.823989104857236532e-01
3.172199999999861575e+02 7.170358981961625355e-01
3.172299999999861484e+02 7.244378452723894135e-01
3.172399999999861393e+02 7.149749397006599505e-01
3.172499999999861302e+02 7.215417126815704130e-01
3.172599999999861211e+02 7.497062770489912875e-01
3.172699999999861120e+02 7.865161630956398753e-01
3.172799999999861029e+02 8.368371987413980584e-01
3.172899999999860938e+02 8.953514755959726124e-01
3.172999999999860847e+02 9.031773003330141325e-01
3.173099999999860756e+02 8.310867656942406700e-01
3.173199999999860665e+02 7.414619084022566753e-01
3.173299999999860574e+02 6.827386657234901790e-01
3.173399999999860484e+02 6.531700273770950638e-01
3.173499999999860393e+02 6.382937525414287272e-01
3.173599999999860302e+02 6.360567436728442603e-01
3.173699999999860211e+02 6.524267796099409988e-01
3.173799999999860120e+02 6.853776074140617292e-01
3.173899999999860029e+02 7.230965491548745350e-01
3.173999999999859938e+02 7.595776801847878845e-01
3.174099999999859847e+02 8.045054014151004074e-01
3.174199999999859756e+02 8.705621351563377353e-01
3.174299999999859665e+02 9.589465405154343758e-01
3.174399999999859574e+02 1.044396281053852960e+00
3.174499999999859483e+02 1.052128200357297150e+00
3.174599999999859392e+02 9.346636640780460192e-01
3.174699999999859301e+02 7.793247380476600039e-01
3.174799999999859210e+02 6.798296937721710620e-01
3.174899999999859119e+02 6.531396592259667289e-01
3.174999999999859028e+02 6.786633832841799663e-01
3.175099999999858937e+02 7.265746870216578390e-01
3.175199999999858846e+02 7.772803853075139768e-01
3.175299999999858755e+02 8.289439364396269383e-01
3.175399999999858665e+02 8.805499593697090344e-01
3.175499999999858574e+02 9.255482987882119872e-01
3.175599999999858483e+02 9.622564284785739552e-01
3.175699999999858392e+02 9.948498766389735071e-01
3.175799999999858301e+02 1.017415057356746644e+00
3.175899999999858210e+02 1.010434175313223548e+00
3.175999999999858119e+02 9.875466320407442211e-01
3.176099999999858028e+02 1.007030041791747266e+00
3.176199999999857937e+02 1.092394664499523715e+00
3.176299999999857846e+02 1.145164415227332810e+00
3.176399999999857755e+02 1.025002510344795725e+00
3.176499999999857664e+02 8.258085401225517819e-01
3.176599999999857573e+02 6.918306265951711387e-01
3.176699999999857482e+02 6.452368882562258268e-01
3.176799999999857391e+02 6.601756198928768749e-01
3.176899999999857300e+02 7.014720620002677931e-01
3.176999999999857209e+02 7.490115054028482211e-01
3.177099999999857118e+02 8.127931360374399672e-01
3.177199999999857027e+02 8.849368595171759333e-01
3.177299999999856936e+02 8.898803090091594870e-01
3.177399999999856846e+02 7.981977352032134654e-01
3.177499999999856755e+02 6.948169245791098181e-01
3.177599999999856664e+02 6.313741260574030623e-01
3.177699999999856573e+02 6.037784864664211826e-01
3.177799999999856482e+02 5.991065772685962854e-01
3.177899999999856391e+02 6.150906011564368780e-01
3.177999999999856300e+02 6.573947975334147875e-01
3.178099999999856209e+02 7.273991226332969795e-01
3.178199999999856118e+02 8.144965433789197462e-01
3.178299999999856027e+02 9.064772131750606921e-01
3.178399999999855936e+02 1.002353016203246572e+00
3.178499999999855845e+02 1.087856603869017613e+00
3.178599999999855754e+02 1.132445065936386719e+00
3.178699999999855663e+02 1.150777269235416123e+00
3.178799999999855572e+02 1.188974592568956323e+00
3.178899999999855481e+02 1.232217488807396899e+00
3.178999999999855390e+02 1.196963016581245265e+00
3.179099999999855299e+02 1.091531104692530008e+00
3.179199999999855208e+02 1.024001747229592363e+00
3.179299999999855117e+02 1.039890996243082677e+00
3.179399999999855027e+02 1.098977574714497862e+00
3.179499999999854936e+02 1.121604623566412551e+00
3.179599999999854845e+02 1.099741478563124986e+00
3.179699999999854754e+02 1.108137961444580544e+00
3.179799999999854663e+02 1.203661136352423888e+00
3.179899999999854572e+02 1.406663941869779499e+00
3.179999999999854481e+02 1.729852649341145465e+00
3.180099999999854390e+02 2.200760268437295775e+00
3.180199999999854299e+02 2.747347511838658995e+00
3.180299999999854208e+02 2.904551413014678118e+00
3.180399999999854117e+02 2.407894920472140488e+00
3.180499999999854026e+02 1.823430911280573774e+00
3.180599999999853935e+02 1.486666676315941071e+00
3.180699999999853844e+02 1.375537784392095064e+00
3.180799999999853753e+02 1.409105914320165631e+00
3.180899999999853662e+02 1.518768688241183051e+00
3.180999999999853571e+02 1.638466052546123430e+00
3.181099999999853480e+02 1.670243577210231312e+00
3.181199999999853389e+02 1.555881905469731485e+00
3.181299999999853299e+02 1.401109482526458505e+00
3.181399999999853208e+02 1.329441861123970670e+00
3.181499999999853117e+02 1.352324676262318004e+00
3.181599999999853026e+02 1.381654357772614139e+00
3.181699999999852935e+02 1.312817513838833605e+00
3.181799999999852844e+02 1.187754470735637113e+00
3.181899999999852753e+02 1.127443906160125131e+00
3.181999999999852662e+02 1.196801318936179914e+00
3.182099999999852571e+02 1.428228621290552613e+00
3.182199999999852480e+02 1.806150175804260405e+00
3.182299999999852389e+02 2.136142719010021285e+00
3.182399999999852298e+02 2.180322480504114591e+00
3.182499999999852207e+02 2.054225231548912678e+00
3.182599999999852116e+02 1.959064123015788805e+00
3.182699999999852025e+02 1.917238155368996333e+00
3.182799999999851934e+02 1.853409671406019754e+00
3.182899999999851843e+02 1.719759301173677368e+00
3.182999999999851752e+02 1.540921915774608575e+00
3.183099999999851661e+02 1.363264587014491047e+00
3.183199999999851570e+02 1.215692789589421619e+00
3.183299999999851480e+02 1.103026577306370548e+00
3.183399999999851389e+02 1.017544533191487854e+00
3.183499999999851298e+02 9.669555974621167893e-01
3.183599999999851207e+02 9.836166290326677775e-01
3.183699999999851116e+02 1.110777357998811166e+00
3.183799999999851025e+02 1.383359361752681149e+00
3.183899999999850934e+02 1.747471696636852645e+00
3.183999999999850843e+02 1.971242520567792145e+00
3.184099999999850752e+02 1.935273463756561840e+00
3.184199999999850661e+02 1.790636615316051561e+00
3.184299999999850570e+02 1.598395027909379262e+00
3.184399999999850479e+02 1.324647515719779234e+00
3.184499999999850388e+02 1.043402367719219459e+00
3.184599999999850297e+02 8.639979379049534947e-01
3.184699999999850206e+02 8.172552655914305797e-01
3.184799999999850115e+02 8.991945835279298027e-01
3.184899999999850024e+02 1.085404184377917414e+00
3.184999999999849933e+02 1.264667719818781011e+00
3.185099999999849842e+02 1.308310439200312869e+00
3.185199999999849751e+02 1.255799043345188659e+00
3.185299999999849661e+02 1.187293924450898430e+00
3.185399999999849570e+02 1.125949052752977630e+00
3.185499999999849479e+02 1.082617408055539965e+00
3.185599999999849388e+02 1.080186159253975653e+00
3.185699999999849297e+02 1.139509935876443780e+00
3.185799999999849206e+02 1.232352247533264000e+00
3.185899999999849115e+02 1.261046090533993747e+00
3.185999999999849024e+02 1.202762117577514944e+00
3.186099999999848933e+02 1.153025809004996960e+00
3.186199999999848842e+02 1.137000748212586787e+00
3.186299999999848751e+02 1.079187345764660577e+00
3.186399999999848660e+02 9.521203967933720147e-01
3.186499999999848569e+02 8.231514817469783862e-01
3.186599999999848478e+02 7.403032833589705541e-01
3.186699999999848387e+02 7.108310551193968152e-01
3.186799999999848296e+02 7.301353577004173756e-01
3.186899999999848205e+02 7.859815689805841332e-01
3.186999999999848114e+02 8.546883562010464397e-01
3.187099999999848023e+02 9.216468935488094649e-01
3.187199999999847932e+02 9.951433801762404885e-01
3.187299999999847842e+02 1.067080876969499936e+00
3.187399999999847751e+02 1.110778006343354773e+00
3.187499999999847660e+02 1.144054382470049092e+00
3.187599999999847569e+02 1.194961520888158990e+00
3.187699999999847478e+02 1.209094278806802425e+00
3.187799999999847387e+02 1.117626938147839200e+00
3.187899999999847296e+02 9.830802586171569768e-01
3.187999999999847205e+02 8.833936838366009958e-01
3.188099999999847114e+02 8.244656739640744414e-01
3.188199999999847023e+02 7.929041037041923978e-01
3.188299999999846932e+02 7.938793806313001467e-01
3.188399999999846841e+02 8.375846896047317580e-01
3.188499999999846750e+02 8.987987189173873848e-01
3.188599999999846659e+02 9.082593342451223961e-01
3.188699999999846568e+02 8.526054741604711662e-01
3.188799999999846477e+02 8.040571823740050306e-01
3.188899999999846386e+02 8.004535199080957675e-01
3.188999999999846295e+02 8.241924715286252923e-01
3.189099999999846204e+02 8.653966122336154143e-01
3.189199999999846113e+02 9.524165785848813792e-01
3.189299999999846023e+02 1.095264104962198282e+00
3.189399999999845932e+02 1.200505457035796697e+00
3.189499999999845841e+02 1.155869932204454775e+00
3.189599999999845750e+02 1.024165102282390993e+00
3.189699999999845659e+02 8.867935547195836543e-01
3.189799999999845568e+02 7.520807544726029192e-01
3.189899999999845477e+02 6.351450996890231071e-01
3.189999999999845386e+02 5.616263118398089338e-01
3.190099999999845295e+02 5.343187975441197057e-01
3.190199999999845204e+02 5.351806031866025437e-01
3.190299999999845113e+02 5.413160936727507977e-01
3.190399999999845022e+02 5.452056849261402993e-01
3.190499999999844931e+02 5.576066418004596015e-01
3.190599999999844840e+02 5.894768574249030779e-01
3.190699999999844749e+02 6.455623403137976668e-01
3.190799999999844658e+02 7.314279109684610480e-01
3.190899999999844567e+02 8.416629239575470489e-01
3.190999999999844476e+02 9.151940227537200823e-01
3.191099999999844385e+02 8.788932110457603475e-01
3.191199999999844295e+02 7.885519436137985450e-01
3.191299999999844204e+02 7.381652633462727486e-01
3.191399999999844113e+02 7.680698472951763556e-01
3.191499999999844022e+02 9.010434808710812149e-01
3.191599999999843931e+02 1.146669818415917863e+00
3.191699999999843840e+02 1.404691120868967413e+00
3.191799999999843749e+02 1.443218225907100916e+00
3.191899999999843658e+02 1.273099751285818648e+00
3.191999999999843567e+02 1.095910688197321958e+00
3.192099999999843476e+02 9.838460023998851778e-01
3.192199999999843385e+02 9.292167302651312966e-01
3.192299999999843294e+02 9.235461070705209830e-01
3.192399999999843203e+02 9.726140544627231987e-01
3.192499999999843112e+02 1.084815775082898837e+00
3.192599999999843021e+02 1.245428972085773411e+00
3.192699999999842930e+02 1.407509012774628143e+00
3.192799999999842839e+02 1.537153003710640009e+00
3.192899999999842748e+02 1.626990724765455143e+00
3.192999999999842657e+02 1.665343969494647469e+00
3.193099999999842566e+02 1.666762580246934577e+00
3.193199999999842476e+02 1.671811574331536265e+00
3.193299999999842385e+02 1.695940931791999118e+00
3.193399999999842294e+02 1.741688960698444921e+00
3.193499999999842203e+02 1.839311323390953046e+00
3.193599999999842112e+02 2.014692835321808317e+00
3.193699999999842021e+02 2.186919699357795288e+00
3.193799999999841930e+02 2.181308159334963914e+00
3.193899999999841839e+02 2.019033299986873420e+00
3.193999999999841748e+02 1.876437455963960277e+00
3.194099999999841657e+02 1.742422135971148478e+00
3.194199999999841566e+02 1.485396409667546491e+00
3.194299999999841475e+02 1.185108211877648143e+00
3.194399999999841384e+02 1.003487122178717161e+00
3.194499999999841293e+02 9.716112305729089904e-01
3.194599999999841202e+02 1.064605864242035960e+00
3.194699999999841111e+02 1.205486468333455408e+00
3.194799999999841020e+02 1.241313981973237501e+00
3.194899999999840929e+02 1.146102465311681362e+00
3.194999999999840838e+02 1.043080742084624202e+00
3.195099999999840747e+02 1.004843636994561029e+00
3.195199999999840657e+02 1.047772001290152355e+00
3.195299999999840566e+02 1.154586672933087366e+00
3.195399999999840475e+02 1.235680170456613158e+00
3.195499999999840384e+02 1.183961232973886224e+00
3.195599999999840293e+02 1.063485524408742000e+00
3.195699999999840202e+02 9.934221818287766181e-01
3.195799999999840111e+02 1.008773281293491308e+00
3.195899999999840020e+02 1.090363420978289311e+00
3.195999999999839929e+02 1.162393711754767800e+00
3.196099999999839838e+02 1.126792897144428984e+00
3.196199999999839747e+02 1.011573481325776402e+00
3.196299999999839656e+02 9.335077383056300526e-01
3.196399999999839565e+02 9.446734739091370292e-01
3.196499999999839474e+02 1.010481115873316460e+00
3.196599999999839383e+02 1.046999884981989926e+00
3.196699999999839292e+02 1.042574676966568026e+00
3.196799999999839201e+02 1.083300309405747619e+00
3.196899999999839110e+02 1.212962045488696239e+00
3.196999999999839019e+02 1.335120680055424947e+00
3.197099999999838928e+02 1.275814420788138559e+00
3.197199999999838838e+02 1.096568170919056673e+00
3.197299999999838747e+02 9.566394179321433544e-01
3.197399999999838656e+02 8.969196465937785412e-01
3.197499999999838565e+02 9.121970111260760961e-01
3.197599999999838474e+02 1.011102428202922843e+00
3.197699999999838383e+02 1.236151019104673843e+00
3.197799999999838292e+02 1.643633933353922494e+00
3.197899999999838201e+02 2.067374249880300052e+00
3.197999999999838110e+02 1.928676835138951384e+00
3.198099999999838019e+02 1.426617831313711449e+00
3.198199999999837928e+02 1.096774611713276837e+00
3.198299999999837837e+02 9.857217672453768564e-01
3.198399999999837746e+02 1.011485689901656215e+00
3.198499999999837655e+02 1.050770417240457055e+00
3.198599999999837564e+02 9.831199537373631614e-01
3.198699999999837473e+02 8.622762001989296987e-01
3.198799999999837382e+02 7.944989758266548519e-01
3.198899999999837291e+02 7.908533907454254885e-01
3.198999999999837200e+02 8.085446068666939379e-01
3.199099999999837109e+02 8.068963745189432490e-01
3.199199999999837019e+02 7.856448540730032182e-01
3.199299999999836928e+02 7.647472713699455804e-01
3.199399999999836837e+02 7.449770721344550761e-01
3.199499999999836746e+02 7.135729879426847555e-01
3.199599999999836655e+02 6.713608940562714178e-01
3.199699999999836564e+02 6.351520150594348602e-01
3.199799999999836473e+02 6.215877439532799809e-01
3.199899999999836382e+02 6.397458583202005888e-01
3.199999999999836291e+02 6.903164545626145898e-01
3.200099999999836200e+02 7.706805613247942333e-01
3.200199999999836109e+02 8.872375218112711348e-01
3.200299999999836018e+02 1.044621821570622888e+00
3.200399999999835927e+02 1.179148393763855385e+00
3.200499999999835836e+02 1.169006760894099051e+00
3.200599999999835745e+02 1.052945825717530814e+00
3.200699999999835654e+02 9.638764349858868208e-01
3.200799999999835563e+02 9.416658090833572858e-01
3.200899999999835472e+02 9.718522275473426841e-01
3.200999999999835381e+02 1.062630505958422900e+00
3.201099999999835291e+02 1.258810438631496886e+00
3.201199999999835200e+02 1.560876016198472493e+00
3.201299999999835109e+02 1.745947469922180417e+00
3.201399999999835018e+02 1.553073828102106368e+00
3.201499999999834927e+02 1.228393031112056777e+00
3.201599999999834836e+02 1.033605477442308462e+00
3.201699999999834745e+02 9.744119832877310428e-01
3.201799999999834654e+02 9.699279954439081752e-01
3.201899999999834563e+02 9.396660506454624917e-01
3.201999999999834472e+02 8.699837983587359602e-01
3.202099999999834381e+02 8.049445254344055334e-01
3.202199999999834290e+02 7.728986736497118759e-01
3.202299999999834199e+02 7.702816750610532726e-01
3.202399999999834108e+02 7.749580897075983854e-01
3.202499999999834017e+02 7.605353953860700678e-01
3.202599999999833926e+02 7.236053299573999009e-01
3.202699999999833835e+02 6.894814449125310496e-01
3.202799999999833744e+02 6.839735421058791287e-01
3.202899999999833653e+02 7.167820955722157272e-01
3.202999999999833562e+02 7.858487879379532082e-01
3.203099999999833472e+02 8.879929853459104239e-01
3.203199999999833381e+02 1.030143499264384532e+00
3.203299999999833290e+02 1.226457596496430824e+00
3.203399999999833199e+02 1.449575136072867920e+00
3.203499999999833108e+02 1.569154107610345239e+00
3.203599999999833017e+02 1.474756475492458474e+00
3.203699999999832926e+02 1.249126487768762672e+00
3.203799999999832835e+02 1.013520848252566164e+00
3.203899999999832744e+02 8.271348343481622623e-01
3.203999999999832653e+02 7.218622692874049340e-01
3.204099999999832562e+02 7.106137375162271397e-01
3.204199999999832471e+02 7.827610494764295490e-01
3.204299999999832380e+02 8.814669827744234798e-01
3.204399999999832289e+02 9.066916564791491773e-01
3.204499999999832198e+02 8.507524307608262948e-01
3.204599999999832107e+02 7.995033557686158643e-01
3.204699999999832016e+02 7.927915193483645595e-01
3.204799999999831925e+02 8.074277149056661163e-01
3.204899999999831834e+02 8.027661603522914247e-01
3.204999999999831743e+02 7.777411470617848765e-01
3.205099999999831653e+02 7.569855438323848107e-01
3.205199999999831562e+02 7.385145170562064099e-01
3.205299999999831471e+02 7.003846295131400668e-01
3.205399999999831380e+02 6.451689994230201952e-01
3.205499999999831289e+02 6.007249014187890923e-01
3.205599999999831198e+02 5.907993767006060049e-01
3.205699999999831107e+02 6.251566185319114011e-01
3.205799999999831016e+02 7.020844306674035584e-01
3.205899999999830925e+02 8.164884759603323605e-01
3.205999999999830834e+02 9.705721022457571845e-01
3.206099999999830743e+02 1.161837314925841191e+00
3.206199999999830652e+02 1.325926365950780061e+00
3.206299999999830561e+02 1.319846832288348537e+00
3.206399999999830470e+02 1.141806467514940859e+00
3.206499999999830379e+02 9.652454127955963914e-01
3.206599999999830288e+02 8.669923281179725549e-01
3.206699999999830197e+02 8.273328762821998694e-01
3.206799999999830106e+02 8.111160848858820493e-01
3.206899999999830015e+02 7.937781397656675786e-01
3.206999999999829924e+02 7.686161608203345708e-01
3.207099999999829834e+02 7.404741770315855787e-01
3.207199999999829743e+02 7.115240103889794998e-01
3.207299999999829652e+02 6.817514583022146191e-01
3.207399999999829561e+02 6.603908816294586925e-01
3.207499999999829470e+02 6.655869120527453386e-01
3.207599999999829379e+02 7.121787838442757979e-01
3.207699999999829288e+02 7.985247029481203906e-01
3.207799999999829197e+02 8.945656887826111126e-01
3.207899999999829106e+02 9.456771540632578077e-01
3.207999999999829015e+02 9.204001317918854008e-01
3.208099999999828924e+02 8.543161420912750437e-01
3.208199999999828833e+02 8.029493247931545064e-01
3.208299999999828742e+02 7.863058711475413576e-01
3.208399999999828651e+02 7.940481462013128100e-01
3.208499999999828560e+02 8.030161799168534786e-01
3.208599999999828469e+02 7.908324681619545160e-01
3.208699999999828378e+02 7.612480751407347812e-01
3.208799999999828287e+02 7.444233062862781747e-01
3.208899999999828196e+02 7.587610694353346119e-01
3.208999999999828106e+02 7.986096527782887700e-01
3.209099999999828015e+02 8.642856118716411018e-01
3.209199999999827924e+02 9.823246545531989504e-01
3.209299999999827833e+02 1.172169876214926632e+00
3.209399999999827742e+02 1.364715514770844296e+00
3.209499999999827651e+02 1.385819808587638535e+00
3.209599999999827560e+02 1.216297452620102026e+00
3.209699999999827469e+02 1.036084328383424014e+00
3.209799999999827378e+02 9.580050108992693714e-01
3.209899999999827287e+02 1.010738262579700120e+00
3.209999999999827196e+02 1.203631610009268327e+00
