# Solar Atlas
# Source: Chance, K. and Kurucz, R. L. Journal of Quantitative Spectroscopy and Radiative Transfer, 111, 1289–1295, https://doi.org/10.1016/j.jqsrt.2010.01.036, 2010.
# Interpolated by cublic spline
# Wavelength (nm),       Intensity (Photons s-1 cm-2 nm-1)
3.020000000000000000e+02 3.877778215143262514e+03
3.020099999999999909e+02 4.763552465369599304e+03
3.020199999999999818e+02 6.176259880980922389e+03
3.020299999999999727e+02 7.612826577825809181e+03
3.020399999999999636e+02 8.538428919557072732e+03
3.020499999999999545e+02 8.645501358021627311e+03
3.020599999999999454e+02 7.970991336590507672e+03
3.020699999999999363e+02 6.819959492011066686e+03
3.020799999999999272e+02 5.607381973948110499e+03
3.020899999999999181e+02 4.654776687151736041e+03
3.020999999999999091e+02 4.016562832130484821e+03
3.021099999999999000e+02 3.511760559102060142e+03
3.021199999999998909e+02 2.952088201516296067e+03
3.021299999999998818e+02 2.325334316219862103e+03
3.021399999999998727e+02 1.782507487900884826e+03
3.021499999999998636e+02 1.488418363149385641e+03
3.021599999999998545e+02 1.473313747310193321e+03
3.021699999999998454e+02 1.605222382454591752e+03
3.021799999999998363e+02 1.724067904568463064e+03
3.021899999999998272e+02 1.815171532753269275e+03
3.021999999999998181e+02 2.009176921888368270e+03
3.022099999999998090e+02 2.395020951786790192e+03
3.022199999999997999e+02 2.907914088683136924e+03
3.022299999999997908e+02 3.459921417337236562e+03
3.022399999999997817e+02 4.121042687251261668e+03
3.022499999999997726e+02 5.064317179014930844e+03
3.022599999999997635e+02 6.327406235766858117e+03
3.022699999999997544e+02 7.717794890665555613e+03
3.022799999999997453e+02 8.949572554734857476e+03
3.022899999999997362e+02 9.807417042683448017e+03
3.022999999999997272e+02 1.024965915311728895e+04
3.023099999999997181e+02 1.045140471853241615e+04
3.023199999999997090e+02 1.066749090179622544e+04
3.023299999999996999e+02 1.098135630216869868e+04
3.023399999999996908e+02 1.132183638633310329e+04
3.023499999999996817e+02 1.174583021708600063e+04
3.023599999999996726e+02 1.242679038540638794e+04
3.023699999999996635e+02 1.330659042190463515e+04
3.023799999999996544e+02 1.408048280376104231e+04
3.023899999999996453e+02 1.461903875812035039e+04
3.023999999999996362e+02 1.509096406881820440e+04
3.024099999999996271e+02 1.558155096956177840e+04
3.024199999999996180e+02 1.590819141816691990e+04
3.024299999999996089e+02 1.585809318987267761e+04
3.024399999999995998e+02 1.531515364056375620e+04
3.024499999999995907e+02 1.416878093124202860e+04
3.024599999999995816e+02 1.235451116662139793e+04
3.024699999999995725e+02 1.007115916575655865e+04
3.024799999999995634e+02 7.899563787653711188e+03
3.024899999999995543e+02 6.555566092122492591e+03
3.024999999999995453e+02 6.394249796904940922e+03
3.025099999999995362e+02 7.262138979584291519e+03
3.025199999999995271e+02 8.832142307513431660e+03
3.025299999999995180e+02 1.073779124059653259e+04
3.025399999999995089e+02 1.240043871727481928e+04
3.025499999999994998e+02 1.324922795049825436e+04
3.025599999999994907e+02 1.323244504404851250e+04
3.025699999999994816e+02 1.282301727317486257e+04
3.025799999999994725e+02 1.249012707059012428e+04
3.025899999999994634e+02 1.226933165386359542e+04
3.025999999999994543e+02 1.183652053494256324e+04
3.026099999999994452e+02 1.096211858256758023e+04
3.026199999999994361e+02 9.741901084702556545e+03
3.026299999999994270e+02 8.308164937769150129e+03
3.026399999999994179e+02 6.666445995996577949e+03
3.026499999999994088e+02 4.990597636167388373e+03
3.026599999999993997e+02 3.733620563231052074e+03
3.026699999999993906e+02 3.314486260556825982e+03
3.026799999999993815e+02 3.825513238400435057e+03
3.026899999999993724e+02 4.946824309015204562e+03
3.026999999999993634e+02 6.041495646768725237e+03
3.027099999999993543e+02 6.509876507862874860e+03
3.027199999999993452e+02 6.280890030838246275e+03
3.027299999999993361e+02 5.975892016849977153e+03
3.027399999999993270e+02 6.418359569231770365e+03
3.027499999999993179e+02 7.883970713880402400e+03
3.027599999999993088e+02 9.913825679494264477e+03
3.027699999999992997e+02 1.190526782857831131e+04
3.027799999999992906e+02 1.372729029406020709e+04
3.027899999999992815e+02 1.559031815939292574e+04
3.027999999999992724e+02 1.747376105279032345e+04
3.028099999999992633e+02 1.899587047452065963e+04
3.028199999999992542e+02 1.978316413250455298e+04
3.028299999999992451e+02 1.973982916507194022e+04
3.028399999999992360e+02 1.907001585257370971e+04
3.028499999999992269e+02 1.816524184926934686e+04
3.028599999999992178e+02 1.727324289417562977e+04
3.028699999999992087e+02 1.627353274822758613e+04
3.028799999999991996e+02 1.509422045376584538e+04
3.028899999999991905e+02 1.424505548382045345e+04
3.028999999999991815e+02 1.442340517651751543e+04
3.029099999999991724e+02 1.560534762790568493e+04
3.029199999999991633e+02 1.696714271902013206e+04
3.029299999999991542e+02 1.770158274614404218e+04
3.029399999999991451e+02 1.761967214291472192e+04
3.029499999999991360e+02 1.700083377772397216e+04
3.029599999999991269e+02 1.606863099443638566e+04
3.029699999999991178e+02 1.474578727590877679e+04
3.029799999999991087e+02 1.293561304146686052e+04
3.029899999999990996e+02 1.089987153400574425e+04
3.029999999999990905e+02 9.318971841314052654e+03
3.030099999999990814e+02 8.986883210252286517e+03
3.030199999999990723e+02 1.017279594617660587e+04
3.030299999999990632e+02 1.213822459018400332e+04
3.030399999999990541e+02 1.361269059683171690e+04
3.030499999999990450e+02 1.394196120251676439e+04
3.030599999999990359e+02 1.348256044894193474e+04
3.030699999999990268e+02 1.274649222949013347e+04
3.030799999999990177e+02 1.170250777429298068e+04
3.030899999999990087e+02 1.034984308531771785e+04
3.030999999999989996e+02 9.459134159504659692e+03
3.031099999999989905e+02 1.001984605515876137e+04
3.031199999999989814e+02 1.200108069011574116e+04
3.031299999999989723e+02 1.420172051610829294e+04
3.031399999999989632e+02 1.547559321663014271e+04
3.031499999999989541e+02 1.562989575993098333e+04
3.031599999999989450e+02 1.497949551094724120e+04
3.031699999999989359e+02 1.369034285097494103e+04
3.031799999999989268e+02 1.188090756540377697e+04
3.031899999999989177e+02 9.867046459163777399e+03
3.031999999999989086e+02 8.048443197727876395e+03
3.032099999999988995e+02 6.754193042891471123e+03
3.032199999999988904e+02 6.103442106173202774e+03
3.032299999999988813e+02 5.870973802222046288e+03
3.032399999999988722e+02 5.758691148006764706e+03
3.032499999999988631e+02 5.902635882446934374e+03
3.032599999999988540e+02 6.854903006076808197e+03
3.032699999999988449e+02 9.030856929878556912e+03
3.032799999999988358e+02 1.224745125223705327e+04
3.032899999999988268e+02 1.568588052965837414e+04
3.032999999999988177e+02 1.834334105060410002e+04
3.033099999999988086e+02 1.969160962020569423e+04
3.033199999999987995e+02 1.995324761765787844e+04
3.033299999999987904e+02 1.978203692241716635e+04
3.033399999999987813e+02 1.960418821191272218e+04
3.033499999999987722e+02 1.918211063845157332e+04
3.033599999999987631e+02 1.802396484555210918e+04
3.033699999999987540e+02 1.627628815091442812e+04
3.033799999999987449e+02 1.487466496820924840e+04
3.033899999999987358e+02 1.461540663654368473e+04
3.033999999999987267e+02 1.524614333094150243e+04
3.034099999999987176e+02 1.568212316291458774e+04
3.034199999999987085e+02 1.523737614117891098e+04
3.034299999999986994e+02 1.443718218944450928e+04
3.034399999999986903e+02 1.421687523033891011e+04
3.034499999999986812e+02 1.466400191797106163e+04
3.034599999999986721e+02 1.517237368979216080e+04
3.034699999999986630e+02 1.537852789933920030e+04
3.034799999999986539e+02 1.527181867307744324e+04
3.034899999999986449e+02 1.485475092241935272e+04
3.034999999999986358e+02 1.421812768616432368e+04
3.035099999999986267e+02 1.346227066653196198e+04
3.035199999999986176e+02 1.243355364641995948e+04
3.035299999999986085e+02 1.123118364235351510e+04
3.035399999999985994e+02 1.070698083025005326e+04
3.035499999999985903e+02 1.160078332136282916e+04
3.035599999999985812e+02 1.352789934520563111e+04
3.035699999999985721e+02 1.546895520120793844e+04
3.035799999999985630e+02 1.682160736572602036e+04
3.035899999999985539e+02 1.752198059761690456e+04
3.035999999999985448e+02 1.762029837075927571e+04
3.036099999999985357e+02 1.728539171452986557e+04
3.036199999999985266e+02 1.693520509860223319e+04
3.036299999999985175e+02 1.680532544168541426e+04
3.036399999999985084e+02 1.655333135333243990e+04
3.036499999999984993e+02 1.583078965556000912e+04
3.036599999999984902e+02 1.507368018014027621e+04
3.036699999999984811e+02 1.504011436703725849e+04
3.036799999999984720e+02 1.568901166919685602e+04
3.036899999999984630e+02 1.623871447941831684e+04
3.036999999999984539e+02 1.621854994260683998e+04
3.037099999999984448e+02 1.583630046061082794e+04
3.037199999999984357e+02 1.546870471035312767e+04
3.037299999999984266e+02 1.524952496147050988e+04
3.037399999999984175e+02 1.501982458468719415e+04
3.037499999999984084e+02 1.444306873132688634e+04
3.037599999999983993e+02 1.326450791039101750e+04
3.037699999999983902e+02 1.148043485294582752e+04
3.037799999999983811e+02 9.283276853911027501e+03
3.037899999999983720e+02 7.014290519982550904e+03
3.037999999999983629e+02 5.072545813317537977e+03
3.038099999999983538e+02 3.694180733114551003e+03
3.038199999999983447e+02 2.917044490884311017e+03
3.038299999999983356e+02 2.714359583602741168e+03
3.038399999999983265e+02 2.954718358435659411e+03
3.038499999999983174e+02 3.326359540616166669e+03
3.038599999999983083e+02 3.549158886507749230e+03
3.038699999999982992e+02 3.695057451891934306e+03
3.038799999999982901e+02 4.179519844129355988e+03
3.038899999999982811e+02 5.349551441675434035e+03
3.038999999999982720e+02 7.114411828578374298e+03
3.039099999999982629e+02 9.067140571712421661e+03
3.039199999999982538e+02 1.086216009217687497e+04
3.039299999999982447e+02 1.230733115980990260e+04
3.039399999999982356e+02 1.326212824418729906e+04
3.039499999999982265e+02 1.369234677989993179e+04
3.039599999999982174e+02 1.373643322086621629e+04
3.039699999999982083e+02 1.356096417623431989e+04
3.039799999999981992e+02 1.328492293823605905e+04
3.039899999999981901e+02 1.314802952932033259e+04
3.039999999999981810e+02 1.338173776433023704e+04
3.040099999999981719e+02 1.381947103420677377e+04
3.040199999999981628e+02 1.402036492981702395e+04
3.040299999999981537e+02 1.367130552416447972e+04
3.040399999999981446e+02 1.281900941506467825e+04
3.040499999999981355e+02 1.208894045831846597e+04
3.040599999999981264e+02 1.239026877680869802e+04
3.040699999999981173e+02 1.395749165290775636e+04
3.040799999999981083e+02 1.590668847100970561e+04
3.040899999999980992e+02 1.690702484511020884e+04
3.040999999999980901e+02 1.612073315212105263e+04
3.041099999999980810e+02 1.365164197001734283e+04
3.041199999999980719e+02 1.053505623582803673e+04
3.041299999999980628e+02 8.226028892658303448e+03
3.041399999999980537e+02 7.541499225258216939e+03
3.041499999999980446e+02 7.960069922706670695e+03
3.041599999999980355e+02 8.337522499443381093e+03
3.041699999999980264e+02 8.376098135248659673e+03
3.041799999999980173e+02 8.905736604770725535e+03
3.041899999999980082e+02 1.055964194038774622e+04
3.041999999999979991e+02 1.271630804646059914e+04
3.042099999999979900e+02 1.406056875791080529e+04
3.042199999999979809e+02 1.380769795084093857e+04
3.042299999999979718e+02 1.211321305032471173e+04
3.042399999999979627e+02 9.645975502497247362e+03
3.042499999999979536e+02 7.183246795059052602e+03
3.042599999999979445e+02 5.431148931549844747e+03
3.042699999999979354e+02 4.764178693247898082e+03
3.042799999999979264e+02 5.140215994761520960e+03
3.042899999999979173e+02 6.366194788737326235e+03
3.042999999999979082e+02 8.135989851141221152e+03
3.043099999999978991e+02 9.787828635160336489e+03
3.043199999999978900e+02 1.046618369589338727e+04
3.043299999999978809e+02 9.750580602960677425e+03
3.043399999999978718e+02 8.122914214299508785e+03
3.043499999999978627e+02 6.780006155090455650e+03
3.043599999999978536e+02 6.867703103369291057e+03
3.043699999999978445e+02 8.693583132100742660e+03
3.043799999999978354e+02 1.150216495853070592e+04
3.043899999999978263e+02 1.408286246916247364e+04
3.043999999999978172e+02 1.569928180587615680e+04
3.044099999999978081e+02 1.635932596405729782e+04
3.044199999999977990e+02 1.643008971163070964e+04
3.044299999999977899e+02 1.632488343217584588e+04
3.044399999999977808e+02 1.627979502668850000e+04
3.044499999999977717e+02 1.606750378431405807e+04
3.044599999999977626e+02 1.515433832795248236e+04
3.044699999999977535e+02 1.345362872245885774e+04
3.044799999999977445e+02 1.173150212411562097e+04
3.044899999999977354e+02 1.101701371617806581e+04
3.044999999999977263e+02 1.172868409816245912e+04
3.045099999999977172e+02 1.340277901987526639e+04
3.045199999999977081e+02 1.507593460003257132e+04
3.045299999999976990e+02 1.597106469460643711e+04
3.045399999999976899e+02 1.603957402196834482e+04
3.045499999999976808e+02 1.565269045391903092e+04
3.045599999999976717e+02 1.476820623323166546e+04
3.045699999999976626e+02 1.311571617251780845e+04
3.045799999999976535e+02 1.127545795182165966e+04
3.045899999999976444e+02 1.067009600958129886e+04
3.045999999999976353e+02 1.206896378918997834e+04
3.046099999999976262e+02 1.453437275172388036e+04
3.046199999999976171e+02 1.627340750234419284e+04
3.046299999999976080e+02 1.634592468821037073e+04
3.046399999999975989e+02 1.526981474420551785e+04
3.046499999999975898e+02 1.423916894212110128e+04
3.046599999999975807e+02 1.407096414032413486e+04
3.046699999999975716e+02 1.478749405058851335e+04
3.046799999999975626e+02 1.591558090656411514e+04
3.046899999999975535e+02 1.702074782316172423e+04
3.046999999999975444e+02 1.790898941120196105e+04
3.047099999999975353e+02 1.841222611472243079e+04
3.047199999999975262e+02 1.822160235621269385e+04
3.047299999999975171e+02 1.703577729233276114e+04
3.047399999999975080e+02 1.491211339436687012e+04
3.047499999999974989e+02 1.245542152350098695e+04
3.047599999999974898e+02 1.040887132312833455e+04
3.047699999999974807e+02 9.016629033637498651e+03
3.047799999999974716e+02 8.060592018123830712e+03
3.047899999999974625e+02 7.354369818120487253e+03
3.047999999999974534e+02 6.784277029036706153e+03
3.048099999999974443e+02 6.107612783845572267e+03
3.048199999999974352e+02 5.130233923226793195e+03
3.048299999999974261e+02 3.972789505425902007e+03
3.048399999999974170e+02 3.011341881230140643e+03
3.048499999999974079e+02 2.632248587409341326e+03
3.048599999999973988e+02 3.023390504754162066e+03
3.048699999999973898e+02 4.087852610670795002e+03
3.048799999999973807e+02 5.513973826866681520e+03
3.048899999999973716e+02 6.941172155057843156e+03
3.048999999999973625e+02 8.100708173987419286e+03
3.049099999999973534e+02 8.879961066359168399e+03
3.049199999999973443e+02 9.379277583424898694e+03
3.049299999999973352e+02 9.906862025729651577e+03
3.049399999999973261e+02 1.063485190585971213e+04
3.049499999999973170e+02 1.122512175649738856e+04
3.049599999999973079e+02 1.126734203854745829e+04
3.049699999999972988e+02 1.108757707075422150e+04
3.049799999999972897e+02 1.151792085170889732e+04
3.049899999999972806e+02 1.280034782443170297e+04
3.049999999999972715e+02 1.419307857161403990e+04
3.050099999999972624e+02 1.482118510933230209e+04
3.050199999999972533e+02 1.467752843976577424e+04
3.050299999999972442e+02 1.457269789689382924e+04
3.050399999999972351e+02 1.517512909212754676e+04
3.050499999999972260e+02 1.634341977629500980e+04
3.050599999999972169e+02 1.731745458042356768e+04
3.050699999999972079e+02 1.734137648477110633e+04
3.050799999999971988e+02 1.620038933524595814e+04
3.050899999999971897e+02 1.446536244325670486e+04
3.050999999999971806e+02 1.314802952957111484e+04
3.051099999999971715e+02 1.271994016843734062e+04
3.051199999999971624e+02 1.257615825324708203e+04
3.051299999999971533e+02 1.176474229866780297e+04
3.051399999999971442e+02 9.970311432675827746e+03
3.051499999999971351e+02 7.663500936412587180e+03
3.051599999999971260e+02 5.709469639110815478e+03
3.051699999999971169e+02 4.959499160838547141e+03
3.051799999999971078e+02 5.868619184974089876e+03
3.051899999999970987e+02 8.222835129488210441e+03
3.051999999999970896e+02 1.120002254334971803e+04
3.052099999999970805e+02 1.384740079590306777e+04
3.052199999999970714e+02 1.572996697049325485e+04
3.052299999999970623e+02 1.711092463399213375e+04
3.052399999999970532e+02 1.836751344564932151e+04
3.052499999999970441e+02 1.946303645334174871e+04
3.052599999999970350e+02 2.019885418178793043e+04
3.052699999999970260e+02 2.057434040308509429e+04
3.052799999999970169e+02 2.058924462613591095e+04
3.052899999999970078e+02 2.009214495587761849e+04
3.052999999999969987e+02 1.913865042561270093e+04
3.053099999999969896e+02 1.817162937355218310e+04
3.053199999999969805e+02 1.758234896289888275e+04
3.053299999999969714e+02 1.742090742204125854e+04
3.053399999999969623e+02 1.763820848723899326e+04
3.053499999999969532e+02 1.809773448641011782e+04
3.053599999999969441e+02 1.834008466602515909e+04
3.053699999999969350e+02 1.787329442397547973e+04
3.053799999999969259e+02 1.672541876791504910e+04
3.053899999999969168e+02 1.545567917129391935e+04
3.053999999999969077e+02 1.448890861036059505e+04
3.054099999999968986e+02 1.358062773112785180e+04
3.054199999999968895e+02 1.237862093931394702e+04
3.054299999999968804e+02 1.118576959856074063e+04
3.054399999999968713e+02 1.042304912149445227e+04
3.054499999999968622e+02 9.907863990626468876e+03
3.054599999999968531e+02 9.426319820048132897e+03
3.054699999999968441e+02 9.317518992527302544e+03
3.054799999999968350e+02 9.794429076818176327e+03
3.054899999999968259e+02 1.021487845810575345e+04
3.054999999999968168e+02 9.719845339932744537e+03
3.055099999999968077e+02 8.477622195337728044e+03
3.055199999999967986e+02 7.679269353187946763e+03
3.055299999999967895e+02 8.149303455372834833e+03
3.055399999999967804e+02 9.473061466488736187e+03
3.055499999999967713e+02 1.074787350877766403e+04
3.055599999999967622e+02 1.166966838524778723e+04
3.055699999999967531e+02 1.243833802683071553e+04
3.055799999999967440e+02 1.296216510221667522e+04
3.055899999999967349e+02 1.272695392060690210e+04
3.055999999999967258e+02 1.157767551423562145e+04
3.056099999999967167e+02 1.033304765443074939e+04
3.056199999999967076e+02 1.016420409999860931e+04
3.056299999999966985e+02 1.128179537688037090e+04
3.056399999999966894e+02 1.272870735794139000e+04
3.056499999999966803e+02 1.371802212168042752e+04
3.056599999999966712e+02 1.454426715205779328e+04
3.056699999999966622e+02 1.564980980527392967e+04
3.056799999999966531e+02 1.651074785906287070e+04
3.056899999999966440e+02 1.625862852551363358e+04
3.056999999999966349e+02 1.494918608322331420e+04
3.057099999999966258e+02 1.358225592357097776e+04
3.057199999999966167e+02 1.297531588729745454e+04
3.057299999999966076e+02 1.290242296506453386e+04
3.057399999999965985e+02 1.251486307105538253e+04
3.057499999999965894e+02 1.151256034191740946e+04
3.057599999999965803e+02 1.047477554232110742e+04
3.057699999999965712e+02 9.950485058306383507e+03
3.057799999999965621e+02 9.654667544729511064e+03
3.057899999999965530e+02 8.870204436960804742e+03
3.057999999999965439e+02 7.365616870828760511e+03
3.058099999999965348e+02 5.545485613483127054e+03
3.058199999999965257e+02 3.931057681434485403e+03
3.058299999999965166e+02 2.837663848315028645e+03
3.058399999999965075e+02 2.390612307743820111e+03
3.058499999999964984e+02 2.578593384721503753e+03
3.058599999999964894e+02 3.256998543276917644e+03
3.058699999999964803e+02 4.168109972436816861e+03
3.058799999999964712e+02 5.110683089004046451e+03
3.058899999999964621e+02 6.144134391673833306e+03
3.058999999999964530e+02 7.370025513870437862e+03
3.059099999999964439e+02 8.477158786031404816e+03
3.059199999999964348e+02 8.933916858393111397e+03
3.059299999999964257e+02 8.648745218496156667e+03
3.059399999999964166e+02 7.988149980043917822e+03
3.059499999999964075e+02 7.219655682327373142e+03
3.059599999999963984e+02 6.316221806686803575e+03
3.059699999999963893e+02 5.218131264940776418e+03
3.059799999999963802e+02 4.057881346321481033e+03
3.059899999999963711e+02 3.158668246188475678e+03
3.059999999999963620e+02 2.845241205064564383e+03
3.060099999999963529e+02 3.206775069453041397e+03
3.060199999999963438e+02 4.070869311238140654e+03
3.060299999999963347e+02 5.213822816432603759e+03
3.060399999999963256e+02 6.495573463197317324e+03
3.060499999999963165e+02 7.826670864881085436e+03
3.060599999999963075e+02 9.157304857968014403e+03
3.060699999999962984e+02 1.042170899326969084e+04
3.060799999999962893e+02 1.146836117926678889e+04
3.060899999999962802e+02 1.221323416247472232e+04
3.060999999999962711e+02 1.264892592968271856e+04
3.061099999999962620e+02 1.258329725083746052e+04
3.061199999999962529e+02 1.180023689346628271e+04
3.061299999999962438e+02 1.054664145103295232e+04
3.061399999999962347e+02 9.520592161310978554e+03
3.061499999999962256e+02 9.319911182894915328e+03
3.061599999999962165e+02 9.985102933599040625e+03
3.061699999999962074e+02 1.109108394629116810e+04
3.061799999999961983e+02 1.228794314519358886e+04
3.061899999999961892e+02 1.364763411059090322e+04
3.061999999999961801e+02 1.528972878901531658e+04
3.062099999999961710e+02 1.685229253021665136e+04
3.062199999999961619e+02 1.772274924747852128e+04
3.062299999999961528e+02 1.765311271046624825e+04
3.062399999999961437e+02 1.687070363000660655e+04
3.062499999999961346e+02 1.576090262738287129e+04
3.062599999999961256e+02 1.466550486527707835e+04
3.062699999999961165e+02 1.383462574860447239e+04
3.062799999999961074e+02 1.321691459350583682e+04
3.062899999999960983e+02 1.244156936314562699e+04
3.062999999999960892e+02 1.156145621261646011e+04
3.063099999999960801e+02 1.147163008874899242e+04
3.063199999999960710e+02 1.284067689785868060e+04
3.063299999999960619e+02 1.501093214828785676e+04
3.063399999999960528e+02 1.659604009252748801e+04
3.063499999999960437e+02 1.681634705207083971e+04
3.063599999999960346e+02 1.597657550024240845e+04
3.063699999999960255e+02 1.499189482266083724e+04
3.063799999999960164e+02 1.445133493900892790e+04
3.063899999999960073e+02 1.406733201905554779e+04
3.063999999999959982e+02 1.336182371898505153e+04
3.064099999999959891e+02 1.251334759970848972e+04
3.064199999999959800e+02 1.187631105296684837e+04
3.064299999999959709e+02 1.131016349939849169e+04
3.064399999999959618e+02 1.062347960851679454e+04
3.064499999999959527e+02 9.966115705672353215e+03
3.064599999999959437e+02 9.458482882692020212e+03
3.064699999999959346e+02 9.035766556730475713e+03
3.064799999999959255e+02 8.691428908938411041e+03
3.064899999999959164e+02 8.495970671113482240e+03
3.064999999999959073e+02 8.457119494993083208e+03
3.065099999999958982e+02 8.598409023300215267e+03
3.065199999999958891e+02 8.943022211253106434e+03
3.065299999999958800e+02 9.208743214347949106e+03
3.065399999999958709e+02 9.017192638592496223e+03
3.065499999999958618e+02 8.555687759375663518e+03
3.065599999999958527e+02 8.378552948437132727e+03
3.065699999999958436e+02 8.628117272633469838e+03
3.065799999999958345e+02 9.120908495332863822e+03
3.065899999999958254e+02 9.900474501381719165e+03
3.065999999999958163e+02 1.109497908341474977e+04
3.066099999999958072e+02 1.254710128010020526e+04
3.066199999999957981e+02 1.400971905569014052e+04
3.066299999999957890e+02 1.538516591405015606e+04
3.066399999999957799e+02 1.653504549952897651e+04
3.066499999999957708e+02 1.715864319673886712e+04
3.066599999999957618e+02 1.688974095673259944e+04
3.066699999999957527e+02 1.542186286772895255e+04
3.066799999999957436e+02 1.281650450475054458e+04
3.066899999999957345e+02 9.698278053640076905e+03
3.066999999999957254e+02 6.891725205096591708e+03
3.067099999999957163e+02 4.995607459465967622e+03
3.067199999999957072e+02 4.385674053716580602e+03
3.067299999999956981e+02 5.242529101032621838e+03
3.067399999999956890e+02 7.285635047696663605e+03
3.067499999999956799e+02 9.599772410024372221e+03
3.067599999999956708e+02 1.101696361766405062e+04
3.067699999999956617e+02 1.082278288545751275e+04
3.067799999999956526e+02 9.136551668325593710e+03
3.067899999999956435e+02 6.765139506705361782e+03
3.067999999999956344e+02 4.747395787413684047e+03
3.068099999999956253e+02 3.848157637753588915e+03
3.068199999999956162e+02 4.236581725910394198e+03
3.068299999999956071e+02 5.466894016584647034e+03
3.068399999999955980e+02 6.818656937533792188e+03
3.068499999999955890e+02 7.847085893031778141e+03
3.068599999999955799e+02 8.610257254082960571e+03
3.068699999999955708e+02 9.342392762622459486e+03
3.068799999999955617e+02 1.004765057174436515e+04
3.068899999999955526e+02 1.047381115105579738e+04
3.068999999999955435e+02 1.052087843666613298e+04
3.069099999999955344e+02 1.055266576243263626e+04
3.069199999999955253e+02 1.087253042555764841e+04
3.069299999999955162e+02 1.112012839459783936e+04
3.069399999999955071e+02 1.086103288253317805e+04
3.069499999999954980e+02 1.048601006978988153e+04
3.069599999999954889e+02 1.093903582331945108e+04
3.069699999999954798e+02 1.262450304249724832e+04
3.069799999999954707e+02 1.480765858683216538e+04
3.069899999999954616e+02 1.618348118245753722e+04
3.069999999999954525e+02 1.602792618423333442e+04
3.070099999999954434e+02 1.473238600038474033e+04
3.070199999999954343e+02 1.335894307099729485e+04
3.070299999999954252e+02 1.285533063037536704e+04
3.070399999999954161e+02 1.347529620529035310e+04
3.070499999999954071e+02 1.471910996859307670e+04
3.070599999999953980e+02 1.584368994882100378e+04
3.070699999999953889e+02 1.637623411608876995e+04
3.070799999999953798e+02 1.626965013561269006e+04
3.070899999999953707e+02 1.567498416576484487e+04
3.070999999999953616e+02 1.458935555848797958e+04
3.071099999999953525e+02 1.310770045623253827e+04
3.071199999999953434e+02 1.187834003136793763e+04
3.071299999999953343e+02 1.163253307362868509e+04
3.071399999999953252e+02 1.239129579017185824e+04
3.071499999999953161e+02 1.359340277844015327e+04
3.071599999999953070e+02 1.477346654639474400e+04
3.071699999999952979e+02 1.565982945103263592e+04
3.071799999999952888e+02 1.580937266301290765e+04
3.071899999999952797e+02 1.488443412326202815e+04
3.071999999999952706e+02 1.343809827185272661e+04
3.072099999999952615e+02 1.273258997105528761e+04
3.072199999999952524e+02 1.339326035635178414e+04
3.072299999999952433e+02 1.471510211032902953e+04
3.072399999999952342e+02 1.562325774439968518e+04
3.072499999999952252e+02 1.576754064227432900e+04
3.072599999999952161e+02 1.527883242540131323e+04
3.072699999999952070e+02 1.399619253551276415e+04
3.072799999999951979e+02 1.167167231595813610e+04
3.072899999999951888e+02 8.829361857226196662e+03
3.072999999999951797e+02 6.688075906662090347e+03
3.073099999999951706e+02 6.133012585240239787e+03
3.073199999999951615e+02 7.230664766831067027e+03
3.073299999999951524e+02 9.565304828499060022e+03
3.073399999999951433e+02 1.241665801742722761e+04
3.073499999999951342e+02 1.464271017029772884e+04
3.073599999999951251e+02 1.504424747129180105e+04
3.073699999999951160e+02 1.333038708159247471e+04
3.073799999999951069e+02 1.069063628447166411e+04
3.073899999999950978e+02 9.077874117742117960e+03
3.073999999999950887e+02 9.730804326171200955e+03
3.074099999999950796e+02 1.237429996512905745e+04
3.074199999999950705e+02 1.563690951036219849e+04
3.074299999999950614e+02 1.805627820178878756e+04
3.074399999999950523e+02 1.891896969410281235e+04
3.074499999999950433e+02 1.839882483921331732e+04
3.074599999999950342e+02 1.699832886709141167e+04
3.074699999999950251e+02 1.503848617576384640e+04
3.074799999999950160e+02 1.280009733479842726e+04
3.074899999999950069e+02 1.091039216249275887e+04
3.074999999999949978e+02 1.009431707177607677e+04
3.075099999999949887e+02 1.046562009041361489e+04
3.075199999999949796e+02 1.156463744919076635e+04
3.075299999999949705e+02 1.307488611514849254e+04
3.075399999999949614e+02 1.485074306317687660e+04
3.075499999999949523e+02 1.644900179214205855e+04
3.075599999999949432e+02 1.728163434719356155e+04
3.075699999999949341e+02 1.694159262319633126e+04
3.075799999999949250e+02 1.520543852175741813e+04
3.075899999999949159e+02 1.225231078246093239e+04
3.075999999999949068e+02 8.940216712198418463e+03
3.076099999999948977e+02 6.419762320637741141e+03
3.076199999999948886e+02 5.259687745185540734e+03
3.076299999999948795e+02 5.044039921152986608e+03
3.076399999999948704e+02 4.939459869648013409e+03
3.076499999999948614e+02 4.612280865149983583e+03
3.076599999999948523e+02 4.519411274100225455e+03
3.076699999999948432e+02 5.388928648605013223e+03
3.076799999999948341e+02 7.529563320978490083e+03
3.076899999999948250e+02 1.052116649985148979e+04
3.076999999999948159e+02 1.343020779897147077e+04
3.077099999999948068e+02 1.549362857807679757e+04
3.077199999999947977e+02 1.669348114647807597e+04
3.077299999999947886e+02 1.747701743741485552e+04
3.077399999999947795e+02 1.795871190286946148e+04
3.077499999999947704e+02 1.778862841816730725e+04
3.077599999999947613e+02 1.686306365040918536e+04
3.077699999999947522e+02 1.564479998344126761e+04
3.077799999999947431e+02 1.459824799385891674e+04
3.077899999999947340e+02 1.389887672638868935e+04
3.077999999999947249e+02 1.383725590511316113e+04
3.078099999999947158e+02 1.470633492031513742e+04
3.078199999999947067e+02 1.594138149392828200e+04
3.078299999999946976e+02 1.618661232233185547e+04
3.078399999999946886e+02 1.482381526737675813e+04
3.078499999999946795e+02 1.284468475783273971e+04
3.078599999999946704e+02 1.164704903575878780e+04
3.078699999999946613e+02 1.148250140447437298e+04
3.078799999999946522e+02 1.164667329865082502e+04
3.078899999999946431e+02 1.167155959366205934e+04
3.078999999999946340e+02 1.149431206205435956e+04
3.079099999999946249e+02 1.082004000759374139e+04
3.079199999999946158e+02 9.337783726929834302e+03
3.079299999999946067e+02 7.438835431870304092e+03
3.079399999999945976e+02 6.058103209951515055e+03
3.079499999999945885e+02 5.987038872249618180e+03
3.079599999999945794e+02 7.550178742048634376e+03
3.079699999999945703e+02 1.053647150831051476e+04
3.079799999999945612e+02 1.418030352172936182e+04
3.079899999999945521e+02 1.734776400732820912e+04
3.079999999999945430e+02 1.904145986193569115e+04
3.080099999999945339e+02 1.905936997933062230e+04
3.080199999999945248e+02 1.814194617359764379e+04
3.080299999999945157e+02 1.723128562828638678e+04
3.080399999999945067e+02 1.674345412985154690e+04
3.080499999999944976e+02 1.661858429566270570e+04
3.080599999999944885e+02 1.644562016263165424e+04
3.080699999999944794e+02 1.556664674740368355e+04
3.080799999999944703e+02 1.391002358291678320e+04
3.080899999999944612e+02 1.249621400578954490e+04
3.080999999999944521e+02 1.240132796053373022e+04
3.081099999999944430e+02 1.359227556801879473e+04
3.081199999999944339e+02 1.515371209901485781e+04
3.081299999999944248e+02 1.611321841731486529e+04
3.081399999999944157e+02 1.584231224847427984e+04
3.081499999999944066e+02 1.438796068103217840e+04
3.081599999999943975e+02 1.275212828079438259e+04
3.081699999999943884e+02 1.219390877102640297e+04
3.081799999999943793e+02 1.294663465088178054e+04
3.081899999999943702e+02 1.400383251403555005e+04
3.081999999999943611e+02 1.421199065331835300e+04
3.082099999999943520e+02 1.333627362290106612e+04
3.082199999999943429e+02 1.198367155680140058e+04
3.082299999999943338e+02 1.064320578637851941e+04
3.082399999999943248e+02 9.362619923322146860e+03
3.082499999999943157e+02 8.348669355683137837e+03
3.082599999999943066e+02 7.976827780212151083e+03
3.082699999999942975e+02 8.051311321106147261e+03
3.082799999999942884e+02 7.814371750652590890e+03
3.082899999999942793e+02 6.992460217158386513e+03
3.082999999999942702e+02 6.376226959356567932e+03
3.083099999999942611e+02 6.950415277807198436e+03
3.083199999999942520e+02 8.661194626918728318e+03
3.083299999999942429e+02 1.049648059855384417e+04
3.083399999999942338e+02 1.176100997969256423e+04
3.083499999999942247e+02 1.273309095274352148e+04
3.083599999999942156e+02 1.381107958042572500e+04
3.083699999999942065e+02 1.457971164872936606e+04
3.083799999999941974e+02 1.424280106410182088e+04
3.083899999999941883e+02 1.269075795152580577e+04
3.083999999999941792e+02 1.076167557203385695e+04
3.084099999999941701e+02 9.483582095346242568e+03
3.084199999999941610e+02 9.124678387316258522e+03
3.084299999999941519e+02 9.008700988906201019e+03
3.084399999999941429e+02 8.355833402493324684e+03
3.084499999999941338e+02 7.260197673891916565e+03
3.084599999999941247e+02 6.687687644673156683e+03
3.084699999999941156e+02 7.539294902245406774e+03
3.084799999999941065e+02 9.834958542067042799e+03
3.084899999999940974e+02 1.280698583832294935e+04
3.084999999999940883e+02 1.557553918073289788e+04
3.085099999999940792e+02 1.760576988358077506e+04
3.085199999999940701e+02 1.881564209773110633e+04
3.085299999999940610e+02 1.953655560328761203e+04
3.085399999999940519e+02 2.017555850540754182e+04
3.085499999999940428e+02 2.068017291029869375e+04
3.085599999999940337e+02 2.052799954233653625e+04
3.085699999999940246e+02 1.943247653522975088e+04
3.085799999999940155e+02 1.775694128951094171e+04
3.085899999999940064e+02 1.601903374931928374e+04
3.085999999999939973e+02 1.444983199286395393e+04
3.086099999999939882e+02 1.335518570379284938e+04
3.086199999999939791e+02 1.328492293786086339e+04
3.086299999999939701e+02 1.430980744307426357e+04
3.086399999999939610e+02 1.565018554164727539e+04
3.086499999999939519e+02 1.661482692803247483e+04
3.086599999999939428e+02 1.740387402389493218e+04
3.086699999999939337e+02 1.836826491884344068e+04
3.086799999999939246e+02 1.910758952351906555e+04
3.086899999999939155e+02 1.896731448486895897e+04
3.086999999999939064e+02 1.788657045507518342e+04
3.087099999999938973e+02 1.627040160993946665e+04
3.087199999999938882e+02 1.445233690455954275e+04
3.087299999999938791e+02 1.269088319696838153e+04
3.087399999999938700e+02 1.135331059890595861e+04
3.087499999999938609e+02 1.067579468336711034e+04
3.087599999999938518e+02 1.057691330493800524e+04
3.087699999999938427e+02 1.086576716464667697e+04
3.087799999999938336e+02 1.136693731603912602e+04
3.087899999999938245e+02 1.194639847378398917e+04
3.087999999999938154e+02 1.248535521406559747e+04
3.088099999999938063e+02 1.269388908971853380e+04
3.088199999999937972e+02 1.240056396317946928e+04
3.088299999999937882e+02 1.203599915560486261e+04
3.088399999999937791e+02 1.204034517672474612e+04
3.088499999999937700e+02 1.199444267533707898e+04
3.088599999999937609e+02 1.109450315172461160e+04
3.088699999999937518e+02 9.234143017455508016e+03
3.088799999999937427e+02 7.194994830248260769e+03
3.088899999999937336e+02 6.021756945160898795e+03
3.088999999999937245e+02 6.353444789264676729e+03
3.089099999999937154e+02 8.124868043386846693e+03
3.089199999999937063e+02 1.069587154646063755e+04
3.089299999999936972e+02 1.311571617080494616e+04
3.089399999999936881e+02 1.446097884741135931e+04
3.089499999999936790e+02 1.448227059512298183e+04
3.089599999999936699e+02 1.393306876726312112e+04
3.089699999999936608e+02 1.382473134806407506e+04
3.089799999999936517e+02 1.450844691849487208e+04
3.089899999999936426e+02 1.567335597218914336e+04
3.089999999999936335e+02 1.666467466529703961e+04
3.090099999999936244e+02 1.661269775433517498e+04
3.090199999999936153e+02 1.499928431249155256e+04
3.090299999999936063e+02 1.232603032553439880e+04
3.090399999999935972e+02 9.742652559466287130e+03
3.090499999999935881e+02 8.121962348235826539e+03
3.090599999999935790e+02 7.860361923595906774e+03
3.090699999999935699e+02 9.085050687459806795e+03
3.090799999999935608e+02 1.130475288901838212e+04
3.090899999999935517e+02 1.314339544248168568e+04
3.090999999999935426e+02 1.336482961275780508e+04
3.091099999999935335e+02 1.223091883815565598e+04
3.091199999999935244e+02 1.121187077551735274e+04
3.091299999999935153e+02 1.141172513194514977e+04
3.091399999999935062e+02 1.262174764003759628e+04
3.091499999999934971e+02 1.366429177173983226e+04
3.091599999999934880e+02 1.343120976553263426e+04
3.091699999999934789e+02 1.170831917014738428e+04
3.091799999999934698e+02 9.198798717715097155e+03
3.091899999999934607e+02 6.965206781602889350e+03
3.091999999999934516e+02 5.777177394634898519e+03
3.092099999999934425e+02 5.652407756498552772e+03
3.092199999999934334e+02 5.950943098973072665e+03
3.092299999999934244e+02 6.084342156570525731e+03
3.092399999999934153e+02 6.147415825876829331e+03
3.092499999999934062e+02 6.754105370192073678e+03
3.092599999999933971e+02 8.261473387649604774e+03
3.092699999999933880e+02 1.032654740763619702e+04
3.092799999999933789e+02 1.226295665318983811e+04
3.092899999999933698e+02 1.356559826171490568e+04
3.092999999999933607e+02 1.397189489399324884e+04
3.093099999999933516e+02 1.328467244789573306e+04
3.093199999999933425e+02 1.148680985366534514e+04
3.093299999999933334e+02 9.011055607170324947e+03
3.093399999999933243e+02 6.531306026562608167e+03
3.093499999999933152e+02 4.483002388011997937e+03
3.093599999999933061e+02 3.008260840788281257e+03
3.093699999999932970e+02 2.149226519509684749e+03
3.093799999999932879e+02 1.895604238283450286e+03
3.093899999999932788e+02 2.228506965019712879e+03
3.093999999999932697e+02 3.141196488043075988e+03
3.094099999999932606e+02 4.494049045168766497e+03
3.094199999999932515e+02 5.978872860453832800e+03
3.094299999999932425e+02 7.303369820750910549e+03
3.094399999999932334e+02 8.248598143758736114e+03
3.094499999999932243e+02 8.619876114197722927e+03
3.094599999999932152e+02 8.466187274514715682e+03
3.094699999999932061e+02 8.300023975548463568e+03
3.094799999999931970e+02 8.626226064296317418e+03
3.094899999999931879e+02 9.228857652694619901e+03
3.094999999999931788e+02 9.518037151356347749e+03
3.095099999999931697e+02 9.580334298181462145e+03
3.095199999999931606e+02 1.014833548568959122e+04
3.095299999999931515e+02 1.149546432003442897e+04
3.095399999999931424e+02 1.308365330492951944e+04
3.095499999999931333e+02 1.431080940779507546e+04
3.095599999999931242e+02 1.495407065973872341e+04
3.095699999999931151e+02 1.503861142033490796e+04
3.095799999999931060e+02 1.478999896247972538e+04
3.095899999999930969e+02 1.436228533843245350e+04
3.095999999999930878e+02 1.360016604049550369e+04
3.096099999999930787e+02 1.268199076094080738e+04
3.096199999999930697e+02 1.253745737139126504e+04
3.096299999999930606e+02 1.378678193905686203e+04
3.096399999999930515e+02 1.571944634176242471e+04
3.096499999999930424e+02 1.698968692142479267e+04
3.096599999999930333e+02 1.688861374678683569e+04
3.096699999999930242e+02 1.554247435277342811e+04
3.096799999999930151e+02 1.341655603470478491e+04
3.096899999999930060e+02 1.112051665736717587e+04
3.096999999999929969e+02 9.328515554677846012e+03
3.097099999999929878e+02 8.362108205437889410e+03
3.097199999999929787e+02 7.987448604745955890e+03
3.097299999999929696e+02 7.766427746022623069e+03
3.097399999999929605e+02 7.343135290697842720e+03
3.097499999999929514e+02 6.511053816965579244e+03
3.097599999999929423e+02 5.342550215393722283e+03
3.097699999999929332e+02 4.201312574269052675e+03
3.097799999999929241e+02 3.517885067750683447e+03
3.097899999999929150e+02 3.570876468174221372e+03
3.097999999999929059e+02 4.441834166812986950e+03
3.098099999999928968e+02 5.996018978809882356e+03
3.098199999999928878e+02 7.824015658006690501e+03
3.098299999999928787e+02 9.420683768281618541e+03
3.098399999999928696e+02 1.048926645403471048e+04
3.098499999999928605e+02 1.099143857043999196e+04
3.098599999999928514e+02 1.108895477204441704e+04
3.098699999999928423e+02 1.102337619125521087e+04
3.098799999999928332e+02 1.085619840346728051e+04
3.098899999999928241e+02 1.063278535422213099e+04
3.098999999999928150e+02 1.084953533845200036e+04
3.099099999999928059e+02 1.199942744771440994e+04
3.099199999999927968e+02 1.355081928400862125e+04
3.099299999999927877e+02 1.428037473469882389e+04
3.099399999999927786e+02 1.378978783462788851e+04
3.099499999999927695e+02 1.290179673770938098e+04
3.099599999999927604e+02 1.244155683838267578e+04
3.099699999999927513e+02 1.231353081590393413e+04
3.099799999999927422e+02 1.193133143244192979e+04
3.099899999999927331e+02 1.113193905255755089e+04
3.099999999999927240e+02 1.039783718828358360e+04
3.100099999999927149e+02 1.015354570213884654e+04
3.100199999999927059e+02 1.013735144988654793e+04
3.100299999999926968e+02 9.800678831415376408e+03
3.100399999999926877e+02 9.011769505904116158e+03
3.100499999999926786e+02 7.959067959090143631e+03
3.100599999999926695e+02 6.713112496558905150e+03
3.100699999999926604e+02 5.325303900432885712e+03
3.100799999999926513e+02 4.125388709274372559e+03
3.100899999999926422e+02 3.491533399650403226e+03
3.100999999999926331e+02 3.412728886207950382e+03
3.101099999999926240e+02 3.595462173871655978e+03
3.101199999999926149e+02 3.858089611208986753e+03
3.101299999999926058e+02 4.118838365070456348e+03
3.101399999999925967e+02 4.226925292807410187e+03
3.101499999999925876e+02 4.166882566216040686e+03
3.101599999999925785e+02 4.249983002166272854e+03
3.101699999999925694e+02 4.849996957636042680e+03
3.101799999999925603e+02 6.054759151699406175e+03
3.101899999999925512e+02 7.541862436366214752e+03
3.101999999999925421e+02 8.651450522121918766e+03
3.102099999999925330e+02 8.783534501898026065e+03
3.102199999999925240e+02 7.863768604430523737e+03
3.102299999999925149e+02 6.354985311665430345e+03
3.102399999999925058e+02 4.932571364018284839e+03
3.102499999999924967e+02 4.110885271823420226e+03
3.102599999999924876e+02 3.979602864072337070e+03
3.102699999999924785e+02 4.350542670741572692e+03
3.102799999999924694e+02 5.051028623381323996e+03
3.102899999999924603e+02 5.837307792250185230e+03
3.102999999999924512e+02 6.388125288200226350e+03
3.103099999999924421e+02 6.815500749242406528e+03
3.103199999999924330e+02 7.774105298254625268e+03
3.103299999999924239e+02 9.559067598879042635e+03
3.103399999999924148e+02 1.145795327146869204e+04
3.103499999999924057e+02 1.251836994638914621e+04
3.103599999999923966e+02 1.265243280582634907e+04
3.103699999999923875e+02 1.264667150930130083e+04
3.103799999999923784e+02 1.334554179356448185e+04
3.103899999999923693e+02 1.478361143698213164e+04
3.103999999999923602e+02 1.600763640080833284e+04
3.104099999999923511e+02 1.617634218544886789e+04
3.104199999999923421e+02 1.573034270793017640e+04
3.104299999999923330e+02 1.573898465176476384e+04
3.104399999999923239e+02 1.623796300574473935e+04
3.104499999999923148e+02 1.613338295498123443e+04
3.104599999999923057e+02 1.491173765821199049e+04
3.104699999999922966e+02 1.358350837960635181e+04
3.104799999999922875e+02 1.340290426548117466e+04
3.104899999999922784e+02 1.435752600540726235e+04
3.104999999999922693e+02 1.552594193537618412e+04
3.105099999999922602e+02 1.624009218042373686e+04
3.105199999999922511e+02 1.633628077926231344e+04
3.105299999999922420e+02 1.588439476021344672e+04
3.105399999999922329e+02 1.526117279990516181e+04
3.105499999999922238e+02 1.507405591665961219e+04
3.105599999999922147e+02 1.548210598596418640e+04
3.105699999999922056e+02 1.587124397471607699e+04
3.105799999999921965e+02 1.555412219013627691e+04
3.105899999999921874e+02 1.462555152857496432e+04
3.105999999999921783e+02 1.385779617931323628e+04
3.106099999999921693e+02 1.359240081461522277e+04
3.106199999999921602e+02 1.316293375286382798e+04
3.106299999999921511e+02 1.207424915375917226e+04
3.106399999999921420e+02 1.117255619077682968e+04
3.106499999999921329e+02 1.170850703593212347e+04
3.106599999999921238e+02 1.360955945597663049e+04
3.106699999999921147e+02 1.536700530594636621e+04
3.106799999999921056e+02 1.562563741093912540e+04
3.106899999999920965e+02 1.454890123954647242e+04
3.106999999999920874e+02 1.344448579590141708e+04
3.107099999999920783e+02 1.337209385504159945e+04
3.107199999999920692e+02 1.428037473386452803e+04
3.107299999999920601e+02 1.528597142191658531e+04
3.107399999999920510e+02 1.579246451053658529e+04
3.107499999999920419e+02 1.599436037074671367e+04
3.107599999999920328e+02 1.611697578461834200e+04
3.107699999999920237e+02 1.613025181514569340e+04
3.107799999999920146e+02 1.630459364937083592e+04
3.107899999999920055e+02 1.692894281942212547e+04
3.107999999999919964e+02 1.755291625340466999e+04
3.108099999999919874e+02 1.733060536616088211e+04
3.108199999999919783e+02 1.606236871707476894e+04
3.108299999999919692e+02 1.449867776570057686e+04
3.108399999999919601e+02 1.360793126552700051e+04
3.108499999999919510e+02 1.373806141282828139e+04
3.108599999999919419e+02 1.452623178943753555e+04
3.108699999999919328e+02 1.550527641614242748e+04
3.108799999999919237e+02 1.665515600122949400e+04
3.108899999999919146e+02 1.820632239500468859e+04
3.108999999999919055e+02 1.999683307489787694e+04
3.109099999999918964e+02 2.142538405573923956e+04
3.109199999999918873e+02 2.198585798580945266e+04
3.109299999999918782e+02 2.147673474145689397e+04
3.109399999999918691e+02 2.006033258202783327e+04
3.109499999999918600e+02 1.838667601958788509e+04
3.109599999999918509e+02 1.710791874150490185e+04
3.109699999999918418e+02 1.630196349321578600e+04
3.109799999999918327e+02 1.588126362058920859e+04
3.109899999999918236e+02 1.601627834541404627e+04
3.109999999999918145e+02 1.655308086170563183e+04
3.110099999999918055e+02 1.682498899629176958e+04
3.110199999999917964e+02 1.660931612363520981e+04
3.110299999999917873e+02 1.648281809679745857e+04
3.110399999999917782e+02 1.696676698174227931e+04
3.110499999999917691e+02 1.794769029189520006e+04
3.110599999999917600e+02 1.875928159106569001e+04
3.110699999999917509e+02 1.852156549886547509e+04
3.110799999999917418e+02 1.685341974270343781e+04
3.110899999999917327e+02 1.437531087943400053e+04
3.110999999999917236e+02 1.236143724772150199e+04
3.111099999999917145e+02 1.189878010777686359e+04
3.111199999999917054e+02 1.297731981515564439e+04
3.111299999999916963e+02 1.417166157880998435e+04
3.111399999999916872e+02 1.381295826571893122e+04
3.111499999999916781e+02 1.176022093520536873e+04
3.111599999999916690e+02 9.625748343523289805e+03
3.111699999999916599e+02 9.250086776596855998e+03
3.111799999999916508e+02 1.117707755327500854e+04
3.111899999999916417e+02 1.440236391790656489e+04
3.111999999999916326e+02 1.740612844256953395e+04
3.112099999999916236e+02 1.943974077612991096e+04
3.112199999999916145e+02 2.067816898053952173e+04
3.112299999999916054e+02 2.123526128009154854e+04
3.112399999999915963e+02 2.062706878960476752e+04
3.112499999999915872e+02 1.852256746490447404e+04
3.112599999999915781e+02 1.559808338736660698e+04
3.112699999999915690e+02 1.304132030480807043e+04
3.112799999999915599e+02 1.138913083256053142e+04
3.112899999999915508e+02 1.057836615392043313e+04
3.112999999999915417e+02 1.089179319359898182e+04
3.113099999999915326e+02 1.277028888566036221e+04
3.113199999999915235e+02 1.572971647721309091e+04
3.113299999999915144e+02 1.851054388584301705e+04
3.113399999999915053e+02 2.034927411129431130e+04
3.113499999999914962e+02 2.136614290099966820e+04
3.113599999999914871e+02 2.185723078443059057e+04
3.113699999999914780e+02 2.186499601023614377e+04
3.113799999999914689e+02 2.143715714073081472e+04
3.113899999999914598e+02 2.080491749953944964e+04
3.113999999999914507e+02 1.996965478835088652e+04
3.114099999999914417e+02 1.845781550425429305e+04
3.114199999999914326e+02 1.607138639914156192e+04
3.114299999999914235e+02 1.365514884709856415e+04
3.114399999999914144e+02 1.249432279743262006e+04
3.114499999999914053e+02 1.305096421090943113e+04
3.114599999999913962e+02 1.456881528293142946e+04
3.114699999999913871e+02 1.567849104094728682e+04
3.114799999999913780e+02 1.533118507460952787e+04
3.114899999999913689e+02 1.352915180312217126e+04
3.114999999999913598e+02 1.138311904569286708e+04
3.115099999999913507e+02 1.027740104730151870e+04
3.115199999999913416e+02 1.080931898508107952e+04
3.115299999999913325e+02 1.240825403948270105e+04
3.115399999999913234e+02 1.382160020814633390e+04
3.115499999999913143e+02 1.428914192462018036e+04
3.115599999999913052e+02 1.433949064396819631e+04
3.115699999999912961e+02 1.492839531712768076e+04
3.115799999999912870e+02 1.612160986966041492e+04
3.115899999999912779e+02 1.731244475685970974e+04
3.115999999999912689e+02 1.811038428871533324e+04
3.116099999999912598e+02 1.838066423095758364e+04
3.116199999999912507e+02 1.810136660852713612e+04
3.116299999999912416e+02 1.754101792490566004e+04
3.116399999999912325e+02 1.717667855913149833e+04
3.116499999999912234e+02 1.740086813022181377e+04
3.116599999999912143e+02 1.827771237078375270e+04
3.116699999999912052e+02 1.941844902949157404e+04
3.116799999999911961e+02 2.014825497109916978e+04
3.116899999999911870e+02 1.982787680216778608e+04
3.116999999999911779e+02 1.819555127927031936e+04
3.117099999999911688e+02 1.563027149906241357e+04
3.117199999999911597e+02 1.285733456193039456e+04
3.117299999999911506e+02 1.038045310465822513e+04
3.117399999999911415e+02 8.577242523077373335e+03
3.117499999999911324e+02 7.983014911259819200e+03
3.117599999999911233e+02 8.739159994765672309e+03
3.117699999999911142e+02 1.008694010642435205e+04
3.117799999999911051e+02 1.113369248920574501e+04
3.117899999999910960e+02 1.178177569539766773e+04
3.117999999999910870e+02 1.242965850833356853e+04
3.118099999999910779e+02 1.331736154011699000e+04
3.118199999999910688e+02 1.435840272446938798e+04
3.118299999999910597e+02 1.503585601749230045e+04
3.118399999999910506e+02 1.462705447561947949e+04
3.118499999999910415e+02 1.308803690253595778e+04
3.118599999999910324e+02 1.151358735618743412e+04
3.118699999999910233e+02 1.118277622870645064e+04
3.118799999999910142e+02 1.217631176726541707e+04
3.118899999999910051e+02 1.330646517570657306e+04
3.118999999999909960e+02 1.340929179044638295e+04
3.119099999999909869e+02 1.241892496475522057e+04
3.119199999999909778e+02 1.112084229542163848e+04
3.119299999999909687e+02 1.019422546410061841e+04
3.119399999999909596e+02 9.789081091274292703e+03
3.119499999999909505e+02 9.967368160617565081e+03
3.119599999999909414e+02 1.106658591160299875e+04
3.119699999999909323e+02 1.314038954738337998e+04
3.119799999999909232e+02 1.533293850994599779e+04
3.119899999999909141e+02 1.638775670849789822e+04
3.119999999999909051e+02 1.575526657750117192e+04
3.120099999999908960e+02 1.388109185713312399e+04
3.120199999999908869e+02 1.150301663125961204e+04
3.120299999999908778e+02 9.137052651666999736e+03
3.120399999999908687e+02 7.285397083395359004e+03
3.120499999999908596e+02 6.603485047366781146e+03
3.120599999999908505e+02 7.592586891890236075e+03
3.120699999999908414e+02 1.011299118354627353e+04
3.120799999999908323e+02 1.310607226065192845e+04
3.120899999999908232e+02 1.500053676591283147e+04
3.120999999999908141e+02 1.474403383902570567e+04
3.121099999999908050e+02 1.262588074712661546e+04
3.121199999999907959e+02 1.018800076044317393e+04
3.121299999999907868e+02 9.080504274614728274e+03
3.121399999999907777e+02 9.699680801603644795e+03
3.121499999999907686e+02 1.107998718793370244e+04
3.121599999999907595e+02 1.213685941294649820e+04
3.121699999999907504e+02 1.258880805560046247e+04
3.121799999999907413e+02 1.261348143338203226e+04
3.121899999999907322e+02 1.233184171856187641e+04
3.121999999999907232e+02 1.203991934196029433e+04
3.122099999999907141e+02 1.216549055081139886e+04
3.122199999999907050e+02 1.249161749272521593e+04
3.122299999999906959e+02 1.228774275329830198e+04
3.122399999999906868e+02 1.145275558235433346e+04
3.122499999999906777e+02 1.065400195435646128e+04
3.122599999999906686e+02 1.040245874943685885e+04
3.122699999999906595e+02 1.067052184420418962e+04
3.122799999999906504e+02 1.116353850899616009e+04
3.122899999999906413e+02 1.145066398043166555e+04
3.122999999999906322e+02 1.110357093081783751e+04
3.123099999999906231e+02 1.012467659910008479e+04
3.123199999999906140e+02 9.097587771054197219e+03
3.123299999999906049e+02 8.733949779971981116e+03
3.123399999999905958e+02 9.473199235801577743e+03
3.123499999999905867e+02 1.136907901344201855e+04
3.123599999999905776e+02 1.380481730031386542e+04
3.123699999999905685e+02 1.565932846781969965e+04
3.123799999999905594e+02 1.637848853620600858e+04
3.123899999999905504e+02 1.638825769110672263e+04
3.123999999999905413e+02 1.616181369932561211e+04
3.124099999999905322e+02 1.566371206464026727e+04
3.124199999999905231e+02 1.492426221481029643e+04
3.124299999999905140e+02 1.439823081709323378e+04
3.124399999999905049e+02 1.445784770822131759e+04
3.124499999999904958e+02 1.493641103400436805e+04
3.124599999999904867e+02 1.531565462264565213e+04
3.124699999999904776e+02 1.528396749357967201e+04
3.124799999999904685e+02 1.516285502637790705e+04
3.124899999999904594e+02 1.568537954677195012e+04
3.124999999999904503e+02 1.719784505868499036e+04
3.125099999999904412e+02 1.919125356320036371e+04
3.125199999999904321e+02 2.072739048963876849e+04
3.125299999999904230e+02 2.117301423163029176e+04
3.125399999999904139e+02 2.042642538530801176e+04
3.125499999999904048e+02 1.859846628078282811e+04
3.125599999999903957e+02 1.577179899472468060e+04
3.125699999999903866e+02 1.230207084941775975e+04
3.125799999999903775e+02 9.149138849731429218e+03
3.125899999999903685e+02 7.354081754078948507e+03
3.125999999999903594e+02 7.121951611907901679e+03
3.126099999999903503e+02 7.872648513414309491e+03
3.126199999999903412e+02 9.012333109134331607e+03
3.126299999999903321e+02 1.007085857547200067e+04
3.126399999999903230e+02 1.060226300830679793e+04
3.126499999999903139e+02 1.074702183903660989e+04
3.126599999999903048e+02 1.128433786155403504e+04
3.126699999999902957e+02 1.250008409214715357e+04
3.126799999999902866e+02 1.361970434820173068e+04
3.126899999999902775e+02 1.370950542364329522e+04
3.126999999999902684e+02 1.277592493964271853e+04
3.127099999999902593e+02 1.183687122304471995e+04
3.127199999999902502e+02 1.177184372181633080e+04
3.127299999999902411e+02 1.223812045724643394e+04
3.127399999999902320e+02 1.227764796006534380e+04
3.127499999999902229e+02 1.174385133763801605e+04
3.127599999999902138e+02 1.148543215069550024e+04
3.127699999999902047e+02 1.227089722218810130e+04
3.127799999999901956e+02 1.390839538781120245e+04
3.127899999999901866e+02 1.545668113433923463e+04
3.127999999999901775e+02 1.615667863038986798e+04
3.128099999999901684e+02 1.598960103962446374e+04
3.128199999999901593e+02 1.542486876112758000e+04
3.128299999999901502e+02 1.485612862414848860e+04
3.128399999999901411e+02 1.435339290297695698e+04
3.128499999999901320e+02 1.398391846890225133e+04
3.128599999999901229e+02 1.410415421617131506e+04
3.128699999999901138e+02 1.496196112979608552e+04
3.128799999999901047e+02 1.616168845235847402e+04
3.128899999999900956e+02 1.684853516342007788e+04
3.128999999999900865e+02 1.640541633519385505e+04
3.129099999999900774e+02 1.494868510214725029e+04
3.129199999999900683e+02 1.325561547612387585e+04
3.129299999999900592e+02 1.210164035992354911e+04
3.129399999999900501e+02 1.158740709494310431e+04
3.129499999999900410e+02 1.136572243447669644e+04
3.129599999999900319e+02 1.135847071563239842e+04
3.129699999999900228e+02 1.169946430632639203e+04
3.129799999999900137e+02 1.217031250522021946e+04
3.129899999999900047e+02 1.234422850520063912e+04
3.129999999999899956e+02 1.222490705000383787e+04
3.130099999999899865e+02 1.233856740493122197e+04
3.130199999999899774e+02 1.324547058200423271e+04
3.130299999999899683e+02 1.502533538768672952e+04
3.130399999999899592e+02 1.708199290562486567e+04
3.130499999999899501e+02 1.856853258607439784e+04
3.130599999999899410e+02 1.916169561007728771e+04
3.130699999999899319e+02 1.918899914489026924e+04
3.130799999999899228e+02 1.883267549656609845e+04
3.130899999999899137e+02 1.762668589668849381e+04
3.130999999999899046e+02 1.517788449794274493e+04
3.131099999999898955e+02 1.209038078532337749e+04
3.131199999999898864e+02 9.635292056601438162e+03
3.131299999999898773e+02 8.563703476154354576e+03
3.131399999999898682e+02 8.638537703844083808e+03
3.131499999999898591e+02 9.277715949385732529e+03
3.131599999999898500e+02 1.024414834683753543e+04
3.131699999999898409e+02 1.158803332094124744e+04
3.131799999999898318e+02 1.315053443919428719e+04
3.131899999999898228e+02 1.449141352038057448e+04
3.131999999999898137e+02 1.533669587810523626e+04
3.132099999999898046e+02 1.568224840838204545e+04
3.132199999999897955e+02 1.558155096985189630e+04
3.132299999999897864e+02 1.528534519491975334e+04
3.132399999999897773e+02 1.524852299668815976e+04
3.132499999999897682e+02 1.558004802234265844e+04
3.132599999999897591e+02 1.576992030817043269e+04
3.132699999999897500e+02 1.511551220196976283e+04
3.132799999999897409e+02 1.335443423220108525e+04
3.132899999999897318e+02 1.112262078355177073e+04
3.132999999999897227e+02 9.703212728477556084e+03
3.133099999999897136e+02 9.875650828761130470e+03
3.133199999999897045e+02 1.107829637265793099e+04
3.133299999999896954e+02 1.205625136366827792e+04
3.133399999999896863e+02 1.235795541954310102e+04
3.133499999999896772e+02 1.277116560601552374e+04
3.133599999999896681e+02 1.404115569286603568e+04
3.133699999999896590e+02 1.569665164765058398e+04
3.133799999999896500e+02 1.649822330208668063e+04
3.133899999999896409e+02 1.568725823294547627e+04
3.133999999999896318e+02 1.366667144023476976e+04
3.134099999999896227e+02 1.169022118523117751e+04
3.134199999999896136e+02 1.099522098666665443e+04
3.134299999999896045e+02 1.204457847521390067e+04
3.134399999999895954e+02 1.423303190657173036e+04
3.134499999999895863e+02 1.620677685748022668e+04
3.134599999999895772e+02 1.664751602310301678e+04
3.134699999999895681e+02 1.502596162026782986e+04
3.134799999999895590e+02 1.188732014206070380e+04
3.134899999999895499e+02 8.531603039076922869e+03
3.134999999999895408e+02 6.253173187531810981e+03
3.135099999999895317e+02 5.656916596941051466e+03
3.135199999999895226e+02 6.577509114512238739e+03
3.135299999999895135e+02 8.465773961685745235e+03
3.135399999999895044e+02 1.072537940222649559e+04
3.135499999999894953e+02 1.288601579315536401e+04
3.135599999999894862e+02 1.462918364784708501e+04
3.135699999999894771e+02 1.576140360833884370e+04
3.135799999999894681e+02 1.642332645017606046e+04
3.135899999999894590e+02 1.702688485572722857e+04
3.135999999999894499e+02 1.749906065804696482e+04
3.136099999999894408e+02 1.712482689376244161e+04
3.136199999999894317e+02 1.564905833413617802e+04
3.136299999999894226e+02 1.387270040351636635e+04
3.136399999999894135e+02 1.270578741970489864e+04
3.136499999999894044e+02 1.232288665996848067e+04
3.136599999999893953e+02 1.256801729046553737e+04
3.136699999999893862e+02 1.338461841141154400e+04
3.136799999999893771e+02 1.454376616885238400e+04
3.136899999999893680e+02 1.557716737371090130e+04
3.136999999999893589e+02 1.615805633154264979e+04
3.137099999999893498e+02 1.616406811964316330e+04
3.137199999999893407e+02 1.536713055380506921e+04
3.137299999999893316e+02 1.354217734300649681e+04
3.137399999999893225e+02 1.109475364451818859e+04
3.137499999999893134e+02 9.179172736441618326e+03
3.137599999999893043e+02 8.793641818644244267e+03
3.137699999999892952e+02 9.960654996692454006e+03
3.137799999999892862e+02 1.203643751251553113e+04
3.137899999999892771e+02 1.437205449013809994e+04
3.137999999999892680e+02 1.630046054427736817e+04
3.138099999999892589e+02 1.719170802717256447e+04
3.138199999999892498e+02 1.715488582995223260e+04
3.138299999999892407e+02 1.700559310935478061e+04
3.138399999999892316e+02 1.708549978345864656e+04
3.138499999999892225e+02 1.689650421772517075e+04
3.138599999999892134e+02 1.616757499616685163e+04
3.138699999999892043e+02 1.550753083758808862e+04
3.138799999999891952e+02 1.573297286379499201e+04
3.138899999999891861e+02 1.701348357851689070e+04
3.138999999999891770e+02 1.875477274907968240e+04
3.139099999999891679e+02 1.997253543486102717e+04
3.139199999999891588e+02 1.986795538486863006e+04
3.139299999999891497e+02 1.845305617281026571e+04
3.139399999999891406e+02 1.664037702670178260e+04
3.139499999999891315e+02 1.552306128861068464e+04
3.139599999999891224e+02 1.559557847281980139e+04
3.139699999999891133e+02 1.660342958020994047e+04
3.139799999999891043e+02 1.781267556633349523e+04
3.139899999999890952e+02 1.848699772019957163e+04
3.139999999999890861e+02 1.854423494642430524e+04
3.140099999999890770e+02 1.864768778745685995e+04
3.140199999999890679e+02 1.922018529115257479e+04
3.140299999999890588e+02 1.961195343739547388e+04
3.140399999999890497e+02 1.870793090931577171e+04
3.140499999999890406e+02 1.622932106494716209e+04
3.140599999999890315e+02 1.318647992262290427e+04
3.140699999999890224e+02 1.109596852533439960e+04
3.140799999999890133e+02 1.087924358750646570e+04
3.140899999999890042e+02 1.230862118733651732e+04
3.140999999999889951e+02 1.417228780540037587e+04
3.141099999999889860e+02 1.525340757352947730e+04
3.141199999999889769e+02 1.544302936828535530e+04
3.141299999999889678e+02 1.553971894864602109e+04
3.141399999999889587e+02 1.594551459778789649e+04
3.141499999999889496e+02 1.623883972492450630e+04
3.141599999999889405e+02 1.620928177036494890e+04
3.141699999999889314e+02 1.634041388255852326e+04
3.141799999999889224e+02 1.678979499043067699e+04
3.141899999999889133e+02 1.698066924085722712e+04
3.141999999999889042e+02 1.670763389681314220e+04
3.142099999999888951e+02 1.657124146974014729e+04
3.142199999999888860e+02 1.696150666780020038e+04
3.142299999999888769e+02 1.755216477962109275e+04
3.142399999999888678e+02 1.801544814608847810e+04
3.142499999999888587e+02 1.838003800275024696e+04
3.142599999999888496e+02 1.852068877917517966e+04
3.142699999999888405e+02 1.815146483709060340e+04
3.142799999999888314e+02 1.744558080026795506e+04
3.142899999999888223e+02 1.687934557448843407e+04
3.142999999999888132e+02 1.650248165196449554e+04
3.143099999999888041e+02 1.599085349562260308e+04
3.143199999999887950e+02 1.522497683048287581e+04
3.143299999999887859e+02 1.453111636796465609e+04
3.143399999999887768e+02 1.441789437119944705e+04
3.143499999999887677e+02 1.481742774183057372e+04
3.143599999999887586e+02 1.483596408726630398e+04
3.143699999999887496e+02 1.383700541576223986e+04
3.143799999999887405e+02 1.237631642187535363e+04
3.143899999999887314e+02 1.148696014735781318e+04
3.143999999999887223e+02 1.137256084243916303e+04
3.144099999999887132e+02 1.132062150465118066e+04
3.144199999999887041e+02 1.059096585940194382e+04
3.144299999999886950e+02 8.983864794245904704e+03
3.144399999999886859e+02 6.902320981692952046e+03
3.144499999999886768e+02 5.066684322037371203e+03
3.144599999999886677e+02 3.953564310847555134e+03
3.144699999999886586e+02 3.535269152918560394e+03
3.144799999999886495e+02 3.524836196570497577e+03
3.144899999999886404e+02 3.681230340694260576e+03
3.144999999999886313e+02 3.904004637383250611e+03
3.145099999999886222e+02 4.167521318276258171e+03
3.145199999999886131e+02 4.426053225526393362e+03
3.145299999999886040e+02 4.625531846168193624e+03
3.145399999999885949e+02 4.839776919404250293e+03
3.145499999999885858e+02 5.317087789188693932e+03
3.145599999999885767e+02 6.255878489011860438e+03
3.145699999999885677e+02 7.488432675539418597e+03
3.145799999999885586e+02 8.529711826905115231e+03
3.145899999999885495e+02 9.120858396865096438e+03
3.145999999999885404e+02 9.501817849563609343e+03
3.146099999999885313e+02 9.877304070826572570e+03
3.146199999999885222e+02 1.008913190494936680e+04
3.146299999999885131e+02 1.012155798328972378e+04
3.146399999999885040e+02 1.022314466560435721e+04
3.146499999999884949e+02 1.041441970126631713e+04
3.146599999999884858e+02 1.064300539233427844e+04
3.146699999999884767e+02 1.120136267083538951e+04
3.146799999999884676e+02 1.233000060677658803e+04
3.146899999999884585e+02 1.371914933057815142e+04
3.146999999999884494e+02 1.475017086994442798e+04
3.147099999999884403e+02 1.506879560283413593e+04
3.147199999999884312e+02 1.477797538805252407e+04
3.147299999999884221e+02 1.411692926577846447e+04
3.147399999999884130e+02 1.335631291428974146e+04
3.147499999999884039e+02 1.297155852016165773e+04
3.147599999999883948e+02 1.319887923060244611e+04
3.147699999999883858e+02 1.349007518310503292e+04
3.147799999999883767e+02 1.305847894725682272e+04
3.147899999999883676e+02 1.182045152986422545e+04
3.147999999999883585e+02 1.042462721691256047e+04
3.148099999999883494e+02 9.579708070979249896e+03
3.148199999999883403e+02 9.527342897002548852e+03
3.148299999999883312e+02 9.997226704530870848e+03
3.148399999999883221e+02 1.062940372294851295e+04
3.148499999999883130e+02 1.135796973256411002e+04
3.148599999999883039e+02 1.223561554513486772e+04
3.148699999999882948e+02 1.303029869211268851e+04
3.148799999999882857e+02 1.326926724199757155e+04
3.148899999999882766e+02 1.286848141597425638e+04
3.148999999999882675e+02 1.244766882230301962e+04
3.149099999999882584e+02 1.257590776152361650e+04
3.149199999999882493e+02 1.321152903272001095e+04
3.149299999999882402e+02 1.428626127498817004e+04
3.149399999999882311e+02 1.583417128392226732e+04
3.149499999999882220e+02 1.723566922172534396e+04
3.149599999999882129e+02 1.764359404700731830e+04
3.149699999999882039e+02 1.739623404475370262e+04
3.149799999999881948e+02 1.775243244683274679e+04
3.149899999999881857e+02 1.903331889861687887e+04
3.149999999999881766e+02 2.007360861063228367e+04
3.150099999999881675e+02 1.980796275660335232e+04
3.150199999999881584e+02 1.862313965742000801e+04
3.150299999999881493e+02 1.765411467561991594e+04
3.150399999999881402e+02 1.719108180020064538e+04
3.150499999999881311e+02 1.647467713611873478e+04
3.150599999999881220e+02 1.499465022697245331e+04
3.150699999999881129e+02 1.328792883366932983e+04
3.150799999999881038e+02 1.216996181886900195e+04
3.150899999999880947e+02 1.169612025045050905e+04
3.150999999999880856e+02 1.138274330778997319e+04
3.151099999999880765e+02 1.116864852871465337e+04
3.151199999999880674e+02 1.159120203432735434e+04
3.151299999999880583e+02 1.297055655345531704e+04
3.151399999999880492e+02 1.477659768416940642e+04
3.151499999999880401e+02 1.608378570736726033e+04
3.151599999999880310e+02 1.654531563656221260e+04
3.151699999999880220e+02 1.649922526690680388e+04
3.151799999999880129e+02 1.617007990729989615e+04
3.151899999999880038e+02 1.538316198675400665e+04
3.151999999999879947e+02 1.407697592954834545e+04
3.152099999999879856e+02 1.274674272175698934e+04
3.152199999999879765e+02 1.242816808606152517e+04
3.152299999999879674e+02 1.388835609547081913e+04
3.152399999999879583e+02 1.650473606865557304e+04
3.152499999999879492e+02 1.848774919263278207e+04
3.152599999999879401e+02 1.847635184831883089e+04
3.152699999999879310e+02 1.658764864262799165e+04
3.152799999999879219e+02 1.396074804124284310e+04
3.152899999999879128e+02 1.167788449724207749e+04
3.152999999999879037e+02 1.033679249759646518e+04
3.153099999999878946e+02 1.034980551054012176e+04
3.153199999999878855e+02 1.192729852187302640e+04
3.153299999999878764e+02 1.453762913383545856e+04
3.153399999999878673e+02 1.692919330891314166e+04
3.153499999999878582e+02 1.807068144274779843e+04
3.153599999999878492e+02 1.788644520945851036e+04
3.153699999999878401e+02 1.689612848201276211e+04
3.153799999999878310e+02 1.542562023601060719e+04
3.153899999999878219e+02 1.360379816367454805e+04
3.153999999999878128e+02 1.195061925139788582e+04
3.154099999999878037e+02 1.146072119927394306e+04
3.154199999999877946e+02 1.284981982251315094e+04
3.154299999999877855e+02 1.562563740687963582e+04
3.154399999999877764e+02 1.821007976112872348e+04
3.154499999999877673e+02 1.938713763717930851e+04
3.154599999999877582e+02 1.935682820998422540e+04
3.154699999999877491e+02 1.894188963423427776e+04
3.154799999999877400e+02 1.817388379502395037e+04
3.154899999999877309e+02 1.644724835759575944e+04
3.154999999999877218e+02 1.385491553413120346e+04
3.155099999999877127e+02 1.137060701422834609e+04
3.155199999999877036e+02 9.659464451576712236e+03
3.155299999999876945e+02 8.646315455091778858e+03
3.155399999999876854e+02 8.345525691198816276e+03
3.155499999999876763e+02 9.191271455352400153e+03
3.155599999999876673e+02 1.136414433681927221e+04
3.155699999999876582e+02 1.425858200191171818e+04
3.155799999999876491e+02 1.661570364549026635e+04
3.155899999999876400e+02 1.731745458086374492e+04
3.155999999999876309e+02 1.644161230569338295e+04
3.156099999999876218e+02 1.526981474497011914e+04
3.156199999999876127e+02 1.488844198084332675e+04
3.156299999999876036e+02 1.503798519235790445e+04
3.156399999999875945e+02 1.463732461259325646e+04
3.156499999999875854e+02 1.336821124451114520e+04
3.156599999999875763e+02 1.226740287273827380e+04
3.156699999999875672e+02 1.251940948372121784e+04
3.156799999999875581e+02 1.412957906511502370e+04
3.156899999999875490e+02 1.588051214543873903e+04
3.156999999999875399e+02 1.633765848091469343e+04
3.157099999999875308e+02 1.519529363129761623e+04
3.157199999999875217e+02 1.363974364174223228e+04
3.157299999999875126e+02 1.303806391812986840e+04
3.157399999999875035e+02 1.352890130916138878e+04
3.157499999999874944e+02 1.404040422105483231e+04
3.157599999999874854e+02 1.337685318893464682e+04
3.157699999999874763e+02 1.131013845318331914e+04
3.157799999999874672e+02 8.741477041902358906e+03
3.157899999999874581e+02 6.833248048740444574e+03
3.157999999999874490e+02 6.082976980168738919e+03
3.158099999999874399e+02 6.150409194850062704e+03
3.158199999999874308e+02 6.458262807717441319e+03
3.158299999999874217e+02 6.875430754617433195e+03
3.158399999999874126e+02 7.564895096888874832e+03
3.158499999999874035e+02 8.310244013428498874e+03
3.158599999999873944e+02 8.573159516435647674e+03
3.158699999999873853e+02 8.254772751402724680e+03
3.158799999999873762e+02 7.990304203528322432e+03
3.158899999999873671e+02 8.505138645637734953e+03
3.158999999999873580e+02 9.684450939803618894e+03
3.159099999999873489e+02 1.052431016487674424e+04
3.159199999999873398e+02 1.024155576573679173e+04
3.159299999999873307e+02 9.117226277403522545e+03
3.159399999999873216e+02 7.929885741611016783e+03
3.159499999999873125e+02 6.963115180574513033e+03
3.159599999999873035e+02 6.033955864638011917e+03
3.159699999999872944e+02 5.213772719430045072e+03
3.159799999999872853e+02 4.970545819964654584e+03
3.159899999999872762e+02 5.566564441230091688e+03
3.159999999999872671e+02 6.645179296594676089e+03
3.160099999999872580e+02 7.554925549597539430e+03
3.160199999999872489e+02 7.991043152138750884e+03
3.160299999999872398e+02 8.222096181061902826e+03
3.160399999999872307e+02 8.710303415436126670e+03
3.160499999999872216e+02 9.597267498215689557e+03
3.160599999999872125e+02 1.052281974204431936e+04
3.160699999999872034e+02 1.094918071493912248e+04
3.160799999999871943e+02 1.074172395213988966e+04
3.160899999999871852e+02 1.025893985053503820e+04
3.160999999999871761e+02 9.865305545885566971e+03
3.161099999999871670e+02 9.717841410469307448e+03
3.161199999999871579e+02 9.860734081872751631e+03
3.161299999999871488e+02 1.005492733962739294e+04
3.161399999999871397e+02 9.786100247349630081e+03
3.161499999999871306e+02 8.884970890730119208e+03
3.161599999999871216e+02 7.888003622394261583e+03
3.161699999999871125e+02 7.481256105737916187e+03
3.161799999999871034e+02 7.776647783763512052e+03
3.161899999999870943e+02 8.252180167111546325e+03
3.161999999999870852e+02 8.328730260633619764e+03
3.162099999999870761e+02 8.026625419508982304e+03
3.162199999999870670e+02 7.952480040914113488e+03
3.162299999999870579e+02 8.510236140550234268e+03
3.162399999999870488e+02 9.273056814253832272e+03
3.162499999999870397e+02 9.380417318747917307e+03
3.162599999999870306e+02 8.619011921034069019e+03
3.162699999999870215e+02 7.914167421380255291e+03
3.162799999999870124e+02 8.548410989559108202e+03
3.162899999999870033e+02 1.080578705751123744e+04
3.162999999999869942e+02 1.336257518946502205e+04
3.163099999999869851e+02 1.429853534285097339e+04
3.163199999999869760e+02 1.295515135316475971e+04
3.163299999999869669e+02 1.052633914657152673e+04
3.163399999999869578e+02 8.813017310128836471e+03
3.163499999999869488e+02 8.849113081180648805e+03
3.163599999999869397e+02 1.053273918928454805e+04
3.163699999999869306e+02 1.289728789367334684e+04
3.163799999999869215e+02 1.467089042293617240e+04
3.163899999999869124e+02 1.516398223667445018e+04
3.163999999999869033e+02 1.487378824951075512e+04
3.164099999999868942e+02 1.481041398996643147e+04
3.164199999999868851e+02 1.537226561971971387e+04
3.164299999999868760e+02 1.636095415510352177e+04
3.164399999999868669e+02 1.736316921292364714e+04
3.164499999999868578e+02 1.757395751020376338e+04
3.164599999999868487e+02 1.628993992050451197e+04
3.164699999999868396e+02 1.400220432509448437e+04
3.164799999999868305e+02 1.210672533105613911e+04
3.164899999999868214e+02 1.140940808964261669e+04
3.164999999999868123e+02 1.154712811868571953e+04
3.165099999999868032e+02 1.178607161880069543e+04
3.165199999999867941e+02 1.183940118303434429e+04
3.165299999999867850e+02 1.184995938459110403e+04
3.165399999999867759e+02 1.192675996854432560e+04
3.165499999999867669e+02 1.195519071329548933e+04
3.165599999999867578e+02 1.177086680712850102e+04
3.165699999999867487e+02 1.131834203567182703e+04
3.165799999999867396e+02 1.070651742244912930e+04
3.165899999999867305e+02 1.027824019259559464e+04
3.165999999999867214e+02 1.051639464430277803e+04
3.166099999999867123e+02 1.162123592136322986e+04
3.166199999999867032e+02 1.324083649503259039e+04
3.166299999999866941e+02 1.486965514320337388e+04
3.166399999999866850e+02 1.629044089852123034e+04
3.166499999999866759e+02 1.719784505995622749e+04
3.166599999999866668e+02 1.687721640078394194e+04
3.166699999999866577e+02 1.511977055303481393e+04
3.166799999999866486e+02 1.296642345420003949e+04
3.166899999999866395e+02 1.158398789177686012e+04
3.166999999999866304e+02 1.091756873374972020e+04
3.167099999999866213e+02 1.025054839770835133e+04
3.167199999999866122e+02 9.464807784767128396e+03
3.167299999999866031e+02 8.993370931150122487e+03
3.167399999999865940e+02 9.032222106566874572e+03
3.167499999999865850e+02 9.518112297755731561e+03
3.167599999999865759e+02 1.061441182689564630e+04
3.167699999999865668e+02 1.249651459174928823e+04
3.167799999999865577e+02 1.477822587560470674e+04
3.167899999999865486e+02 1.677614322135465409e+04
3.167999999999865395e+02 1.825141080015504122e+04
3.168099999999865304e+02 1.944450010763611135e+04
3.168199999999865213e+02 2.043331388939568205e+04
3.168299999999865122e+02 2.085526621842676468e+04
3.168399999999865031e+02 2.030268276162801703e+04
3.168499999999864940e+02 1.861199280322042978e+04
3.168599999999864849e+02 1.592610153884350984e+04
3.168699999999864758e+02 1.298946864029401513e+04
3.168799999999864667e+02 1.100728213694811348e+04
3.168899999999864576e+02 1.062663579615724848e+04
3.168999999999864485e+02 1.141206329410472426e+04
3.169099999999864394e+02 1.239095762664078939e+04
3.169199999999864303e+02 1.261272996032842457e+04
3.169299999999864212e+02 1.168294441783727780e+04
3.169399999999864121e+02 1.032614662471914562e+04
3.169499999999864031e+02 9.741813412742299988e+03
3.169599999999863940e+02 1.017443666235370256e+04
3.169699999999863849e+02 1.092371828951352109e+04
3.169799999999863758e+02 1.164777545864306558e+04
3.169899999999863667e+02 1.260070638353809591e+04
3.169999999999863576e+02 1.366053440374266575e+04
3.170099999999863485e+02 1.419646020213789234e+04
3.170199999999863394e+02 1.401397740621763296e+04
3.170299999999863303e+02 1.365377114447023268e+04
3.170399999999863212e+02 1.357649462690042492e+04
3.170499999999863121e+02 1.367493764543387988e+04
3.170599999999863030e+02 1.388121710014102428e+04
3.170699999999862939e+02 1.461014632105719284e+04
3.170799999999862848e+02 1.607965260228309671e+04
3.170899999999862757e+02 1.759587548286724632e+04
3.170999999999862666e+02 1.808821582346094874e+04
3.171099999999862575e+02 1.729090252123930259e+04
3.171199999999862484e+02 1.609818895034060552e+04
3.171299999999862393e+02 1.571305881857741042e+04
3.171399999999862303e+02 1.648594923457094046e+04
3.171499999999862212e+02 1.779113332746296510e+04
3.171599999999862121e+02 1.900376094404058313e+04
3.171699999999862030e+02 2.000297010801737633e+04
3.171799999999861939e+02 2.075218911286758157e+04
3.171899999999861848e+02 2.108145971914824986e+04
3.171999999999861757e+02 2.085501572797440531e+04
3.172099999999861666e+02 2.014349564080202981e+04
3.172199999999861575e+02 1.941143527918405016e+04
3.172299999999861484e+02 1.916470150404182641e+04
3.172399999999861393e+02 1.918937488157486587e+04
3.172499999999861302e+02 1.886937244888550777e+04
3.172599999999861211e+02 1.817538674148257996e+04
3.172699999999861120e+02 1.738233178746683552e+04
3.172799999999861029e+02 1.638374885196919422e+04
3.172899999999860938e+02 1.536262171287153978e+04
3.172999999999860847e+02 1.522673026678308634e+04
3.173099999999860756e+02 1.641531073195684803e+04
3.173199999999860665e+02 1.818528113815542383e+04
3.173299999999860574e+02 1.961070097998748679e+04
3.173399999999860484e+02 2.050257469009540728e+04
3.173499999999860393e+02 2.111089242765908784e+04
3.173599999999860302e+02 2.146007707952288547e+04
3.173699999999860211e+02 2.128498377245081065e+04
3.173799999999860120e+02 2.050808549758518348e+04
3.173899999999860029e+02 1.943535718401606573e+04
3.173999999999859938e+02 1.833970893084811541e+04
3.174099999999859847e+02 1.715701500622558160e+04
3.174199999999859756e+02 1.575251117580592108e+04
3.174299999999859665e+02 1.424305155667592953e+04
3.174399999999859574e+02 1.309592737287853924e+04
3.174499999999859483e+02 1.310344210492586535e+04
3.174599999999859392e+02 1.485337321748185423e+04
3.174699999999859301e+02 1.779025660606256497e+04
3.174799999999859210e+02 2.026260417507730381e+04
3.174899999999859119e+02 2.100693860483410390e+04
3.174999999999859028e+02 2.024694848274293327e+04
3.175099999999858937e+02 1.904609395011622473e+04
3.175199999999858846e+02 1.800267309970500355e+04
3.175299999999858755e+02 1.701486128302997167e+04
3.175399999999858665e+02 1.595666145556121955e+04
3.175499999999858574e+02 1.497210602340356672e+04
3.175599999999858483e+02 1.424568171245627673e+04
3.175699999999858392e+02 1.381496219414654479e+04
3.175799999999858301e+02 1.368383008102776876e+04
3.175899999999858210e+02 1.396237622987739633e+04
3.175999999999858119e+02 1.440937767230573445e+04
3.176099999999858028e+02 1.418393564634684117e+04
3.176199999999857937e+02 1.305359437068625448e+04
3.176299999999857846e+02 1.235223169695006436e+04
3.176399999999857755e+02 1.361957909996918715e+04
3.176499999999857664e+02 1.666054155705598896e+04
3.176599999999857573e+02 1.971841216893559613e+04
3.176699999999857482e+02 2.128285459608553356e+04
3.176799999999857391e+02 2.125041599501702512e+04
3.176899999999857300e+02 2.042154080824740231e+04
3.176999999999857209e+02 1.922744953703535430e+04
3.177099999999857118e+02 1.755178904613260238e+04
3.177199999999857027e+02 1.594488837195366978e+04
3.177299999999856936e+02 1.584043356294361183e+04
3.177399999999856846e+02 1.784461318404718986e+04
3.177499999999856755e+02 2.079452211254132999e+04
3.177599999999856664e+02 2.306522431248495195e+04
3.177699999999856573e+02 2.403199487512083579e+04
3.177799999999856482e+02 2.396285932125568797e+04
3.177899999999856391e+02 2.316216438825453952e+04
3.177999999999856300e+02 2.166886144881345535e+04
3.178099999999856209e+02 1.963362092410712285e+04
3.178199999999856118e+02 1.755955427166642767e+04
3.178299999999856027e+02 1.585684073631895080e+04
3.178399999999855936e+02 1.452886194882926065e+04
3.178499999999855845e+02 1.359540670913113900e+04
3.178599999999855754e+02 1.314251872464345979e+04
3.178699999999855663e+02 1.281550253958389112e+04
3.178799999999855572e+02 1.215929089648188710e+04
3.178899999999855481e+02 1.154327055583861147e+04
3.178999999999855390e+02 1.191116689361983845e+04
3.179099999999855299e+02 1.335706438462010738e+04
3.179199999999855208e+02 1.464559081808221526e+04
3.179299999999855117e+02 1.469806871404419508e+04
3.179399999999855027e+02 1.398617288993051625e+04
3.179499999999854936e+02 1.366980257714337131e+04
3.179599999999854845e+02 1.387332662946987693e+04
3.179699999999854754e+02 1.368019796055552615e+04
3.179799999999854663e+02 1.246689401964303579e+04
3.179899999999854572e+02 1.051094646595685481e+04
3.179999999999854481e+02 8.423478537622417207e+03
3.180099999999854390e+02 6.591511573245299587e+03
3.180199999999854299e+02 5.339832386804578164e+03
3.180299999999854208e+02 5.153028616108800634e+03
3.180399999999854117e+02 6.316046459953430713e+03
3.180499999999854026e+02 8.405330448255990632e+03
3.180599999999853935e+02 1.037239981023249493e+04
3.180699999999853844e+02 1.131519837060340433e+04
3.180799999999853753e+02 1.113887765739977112e+04
3.180899999999853662e+02 1.034653660345019307e+04
3.180999999999853571e+02 9.511298940684902846e+03
3.181099999999853480e+02 9.181477253496614139e+03
3.181199999999853389e+02 9.674606638224046037e+03
3.181299999999853299e+02 1.060669670048568332e+04
3.181399999999853208e+02 1.116046999268240143e+04
3.181499999999853117e+02 1.103881897048471365e+04
3.181599999999853026e+02 1.088692114154989395e+04
3.181699999999852935e+02 1.156423666231669631e+04
3.181799999999852844e+02 1.295139398120024271e+04
3.181899999999852753e+02 1.381208154539778116e+04
3.181999999999852662e+02 1.304257276114687375e+04
3.182099999999852571e+02 1.081816132721408394e+04
3.182199999999852480e+02 8.410102310746575313e+03
3.182299999999852389e+02 7.002304519614591300e+03
3.182399999999852298e+02 6.813584492073448928e+03
3.182499999999852207e+02 7.272659606788082783e+03
3.182599999999852116e+02 7.743081970892086247e+03
3.182699999999852025e+02 8.028691970669856346e+03
3.182799999999851934e+02 8.347817684747249587e+03
3.182899999999851843e+02 8.951889596666394937e+03
3.182999999999851752e+02 9.878456328889520591e+03
3.183099999999851661e+02 1.099061194817056094e+04
3.183199999999851570e+02 1.210851633935437349e+04
3.183299999999851480e+02 1.318322353310225481e+04
3.183399999999851389e+02 1.427686785718522515e+04
3.183499999999851298e+02 1.512678430136165480e+04
3.183599999999851207e+02 1.497047783109792363e+04
3.183699999999851116e+02 1.330358453168523738e+04
3.183799999999851025e+02 1.070673034302794440e+04
3.183899999999850934e+02 8.492914681587884843e+03
3.183999999999850843e+02 7.536965336071312777e+03
3.184099999999850752e+02 7.683765668411442675e+03
3.184199999999850661e+02 8.318147008516634742e+03
3.184299999999850570e+02 9.322766779988725830e+03
3.184399999999850479e+02 1.119528825797193713e+04
3.184499999999850388e+02 1.404704223184124749e+04
3.184599999999850297e+02 1.668584116435073156e+04
3.184699999999850206e+02 1.731319623226047042e+04
3.184799999999850115e+02 1.546607455730300717e+04
3.184899999999850024e+02 1.271505559483384786e+04
3.184999999999849933e+02 1.100442653764921306e+04
3.185099999999849842e+02 1.083610901317771641e+04
3.185199999999849751e+02 1.145235479457132533e+04
3.185299999999849661e+02 1.212817989465748178e+04
3.185399999999849570e+02 1.266971669381122229e+04
3.185499999999849479e+02 1.302353543168348915e+04
3.185599999999849388e+02 1.294951530023827036e+04
3.185699999999849297e+02 1.224723833657216892e+04
3.185799999999849206e+02 1.134349134656011665e+04
3.185899999999849115e+02 1.109665737431356501e+04
3.185999999999849024e+02 1.161072781896202105e+04
3.186099999999848933e+02 1.208845200012452915e+04
3.186199999999848842e+02 1.225700748931587077e+04
3.186299999999848751e+02 1.285407817311600957e+04
3.186399999999848660e+02 1.435577256556959583e+04
3.186499999999848569e+02 1.630371692778974648e+04
3.186599999999848478e+02 1.798100561254161948e+04
3.186699999999848387e+02 1.882177913083101157e+04
3.186799999999848296e+02 1.846445351920395842e+04
3.186899999999848205e+02 1.716778612577659806e+04
3.186999999999848114e+02 1.571606471461670662e+04
3.187099999999848023e+02 1.453487373621231018e+04
3.187199999999847932e+02 1.352000887596856955e+04
3.187299999999847842e+02 1.273133751623800708e+04
3.187399999999847751e+02 1.231514648414063959e+04
3.187499999999847660e+02 1.190763497086582174e+04
3.187599999999847569e+02 1.122492136467251476e+04
3.187699999999847478e+02 1.090788725006176719e+04
3.187799999999847387e+02 1.171907776111642670e+04
3.187899999999847296e+02 1.335944405016355086e+04
3.187999999999847205e+02 1.491324060188278054e+04
3.188099999999847114e+02 1.597933090106062446e+04
3.188199999999847023e+02 1.664100325215956400e+04
3.188299999999846932e+02 1.669911719824956890e+04
3.188399999999846841e+02 1.586986627529380894e+04
3.188499999999846750e+02 1.472236635538562405e+04
3.188599999999846659e+02 1.440511932278005770e+04
3.188699999999846568e+02 1.515959864011119498e+04
3.188799999999846477e+02 1.600174985870361161e+04
3.188899999999846386e+02 1.618623658545862054e+04
3.188999999999846295e+02 1.590468454286554334e+04
3.189099999999846204e+02 1.521971651720331647e+04
3.189199999999846113e+02 1.376398724921234498e+04
3.189299999999846023e+02 1.192029729968216998e+04
3.189399999999845932e+02 1.094493489050706194e+04
3.189499999999845841e+02 1.151979953364054199e+04
3.189599999999845750e+02 1.311371224010834521e+04
3.189699999999845659e+02 1.511100335672863366e+04
3.189799999999845568e+02 1.762931604744488868e+04
3.189899999999845477e+02 2.060101770523103551e+04
3.189999999999845386e+02 2.305645712204531083e+04
3.190099999999845295e+02 2.413457099750764974e+04
3.190199999999845204e+02 2.414183524153570761e+04
3.190299999999845113e+02 2.402347817681778542e+04
3.190399999999845022e+02 2.415486078039037966e+04
3.190499999999844931e+02 2.407645705392970558e+04
3.190599999999844840e+02 2.318758923964016867e+04
3.190699999999844749e+02 2.127884674248860392e+04
3.190799999999844658e+02 1.857228995872973610e+04
3.190899999999844567e+02 1.586485645419182583e+04
3.190999999999844476e+02 1.448001617509352582e+04
3.191099999999844385e+02 1.522134470541190240e+04
3.191199999999844295e+02 1.730931361516457764e+04
3.191299999999844204e+02 1.882578698854553659e+04
3.191399999999844113e+02 1.822798988296673633e+04
3.191499999999844022e+02 1.549851316140855124e+04
3.191599999999843931e+02 1.209916050165328852e+04
3.191699999999843840e+02 9.824700933513860946e+03
3.191799999999843749e+02 9.549411165851710393e+03
3.191899999999843658e+02 1.086373818391505847e+04
3.191999999999843567e+02 1.270791659081319267e+04
3.192099999999843476e+02 1.424442925399793239e+04
3.192199999999843385e+02 1.512703479240961497e+04
3.192299999999843294e+02 1.525102790873676167e+04
3.192399999999843203e+02 1.455341008077705555e+04
3.192499999999843112e+02 1.315667147620635660e+04
3.192599999999843021e+02 1.158724427763264612e+04
3.192699999999842930e+02 1.040161960562467902e+04
3.192799999999842839e+02 9.664900108620109677e+03
3.192899999999842748e+02 9.202105199662259110e+03
3.192999999999842657e+02 8.975360617968897714e+03
3.193099999999842566e+02 8.916758215278332500e+03
3.193199999999842476e+02 8.836400657218706328e+03
3.193299999999842385e+02 8.635068402376076847e+03
3.193399999999842294e+02 8.327828492871101844e+03
3.193499999999842203e+02 7.881202787745623937e+03
3.193599999999842112e+02 7.284808428907694179e+03
3.193699999999842021e+02 6.815625995636601147e+03
3.193799999999841930e+02 6.887779967982679409e+03
3.193899999999841839e+02 7.445811608216014065e+03
3.193999999999841748e+02 7.995915204414782238e+03
3.194099999999841657e+02 8.589704454805649220e+03
3.194199999999841566e+02 1.008090326762161931e+04
3.194299999999841475e+02 1.274248436655505066e+04
3.194399999999841384e+02 1.523612368262392920e+04
3.194499999999841293e+02 1.581538445117185438e+04
3.194599999999841202e+02 1.437944398427048327e+04
3.194699999999841111e+02 1.268437042811370156e+04
3.194799999999841020e+02 1.241142275299561879e+04
3.194899999999840929e+02 1.354430651297093391e+04
3.194999999999840838e+02 1.486865317908645920e+04
3.195099999999840747e+02 1.532517328645066482e+04
3.195199999999840657e+02 1.456092481534875697e+04
3.195299999999840566e+02 1.306261205238482398e+04
3.195399999999840475e+02 1.208352985005650953e+04
3.195499999999840384e+02 1.259870245393768164e+04
3.195599999999840293e+02 1.412757513593910699e+04
3.195699999999840202e+02 1.522096897051686028e+04
3.195799999999840111e+02 1.505589531017580703e+04
3.195899999999840020e+02 1.408286247123243083e+04
3.195999999999839929e+02 1.343822351699926730e+04
3.196099999999839838e+02 1.400896758091215816e+04
3.196199999999839747e+02 1.557453721499004678e+04
3.196299999999839656e+02 1.677914911651427246e+04
3.196399999999839565e+02 1.653654844822485393e+04
3.196499999999839474e+02 1.539293114171833440e+04
3.196599999999839383e+02 1.470145034415465489e+04
3.196699999999839292e+02 1.459862373041329920e+04
3.196799999999839201e+02 1.395285756907045288e+04
3.196899999999839110e+02 1.240569903393617096e+04
3.196999999999839019e+02 1.125633295344201542e+04
3.197099999999838928e+02 1.186735599194216229e+04
3.197199999999838838e+02 1.399706924974566573e+04
3.197299999999838747e+02 1.618636182804924465e+04
3.197399999999838656e+02 1.726322324782577198e+04
3.197499999999838565e+02 1.695086079649922613e+04
3.197599999999838474e+02 1.532905590253575792e+04
3.197699999999838383e+02 1.255461602008682530e+04
3.197799999999838292e+02 9.408434756992457551e+03
3.197899999999838201e+02 7.450946678931639326e+03
3.197999999999838110e+02 7.988149976746124594e+03
3.198099999999838019e+02 1.081543096446113486e+04
3.198199999999837928e+02 1.406119498159468276e+04
3.198299999999837837e+02 1.562100332372098819e+04
3.198399999999837746e+02 1.516586092169807853e+04
3.198499999999837655e+02 1.445684574414234521e+04
3.198599999999837564e+02 1.527432358172245949e+04
3.198699999999837473e+02 1.740262156512269576e+04
3.198799999999837382e+02 1.913589502102560800e+04
3.198899999999837291e+02 1.946266071731611009e+04
3.198999999999837200e+02 1.900238324501441457e+04
3.199099999999837109e+02 1.883442893362772884e+04
3.199199999999837019e+02 1.926352025834513188e+04
3.199299999999836928e+02 1.997529083685234946e+04
3.199399999999836837e+02 2.082595875323886867e+04
3.199499999999836746e+02 2.199412419130441413e+04
3.199599999999836655e+02 2.341403322719228527e+04
3.199699999999836564e+02 2.451832342583807258e+04
3.199799999999836473e+02 2.470043048752389950e+04
3.199899999999836382e+02 2.382158231892605909e+04
3.199999999999836291e+02 2.215731917544204407e+04
3.200099999999836200e+02 1.993796766208771805e+04
3.200199999999836109e+02 1.723566922754260304e+04
3.200299999999836018e+02 1.450030596097655689e+04
3.200399999999835927e+02 1.280961599839112023e+04
3.200499999999835836e+02 1.297343720198734627e+04
3.200599999999835745e+02 1.443793366014356616e+04
3.200699999999835654e+02 1.576190459001388808e+04
3.200799999999835563e+02 1.618886674226218929e+04
3.200899999999835472e+02 1.585596401629926186e+04
3.200999999999835381e+02 1.472111390103003578e+04
3.201099999999835291e+02 1.263114106268986507e+04
3.201199999999835200e+02 1.031467413211593157e+04
3.201299999999835109e+02 9.197834325371302839e+03
3.201399999999835018e+02 1.009296441657080140e+04
3.201499999999834927e+02 1.233834195941328835e+04
3.201599999999834836e+02 1.437894299644399143e+04
3.201699999999834745e+02 1.530350580171390175e+04
3.201799999999834654e+02 1.559946108558983178e+04
3.201899999999834563e+02 1.633427684803119337e+04
3.201999999999834472e+02 1.785312988398283414e+04
3.202099999999834381e+02 1.942120443091802372e+04
3.202199999999834290e+02 2.017292834835373651e+04
3.202299999999834199e+02 2.012533503223994558e+04
3.202399999999834108e+02 2.006333847400351442e+04
3.202499999999834017e+02 2.069344893924141797e+04
3.202599999999833926e+02 2.197383440876195891e+04
3.202699999999833835e+02 2.311920515458094815e+04
3.202799999999833744e+02 2.323731173002673313e+04
3.202899999999833653e+02 2.196481673311520353e+04
3.202999999999833562e+02 1.963524911779807735e+04
3.203099999999833472e+02 1.696288437410207189e+04
3.203199999999833381e+02 1.445496706437472130e+04
3.203299999999833290e+02 1.224239133493044210e+04
3.203399999999833199e+02 1.057315593990700836e+04
3.203499999999833108e+02 1.000595632126209603e+04
3.203599999999833017e+02 1.086983764340582638e+04
3.203699999999832926e+02 1.290079476853386586e+04
3.203799999999832835e+02 1.557478770401425572e+04
3.203899999999832744e+02 1.836889114291735677e+04
3.203999999999832653e+02 2.045210072382830913e+04
3.204099999999832562e+02 2.079965718611802367e+04
3.204199999999832471e+02 1.937774422301747472e+04
3.204299999999832380e+02 1.777660484473545876e+04
3.204399999999832289e+02 1.770596633978439058e+04
3.204499999999832198e+02 1.899962783936408232e+04
3.204599999999832107e+02 1.998593671099104904e+04
3.204699999999832016e+02 1.975573535363021074e+04
3.204799999999831925e+02 1.908028599012231280e+04
3.204899999999831834e+02 1.897921281328516488e+04
3.204999999999831743e+02 1.940429628012022295e+04
3.205099999999831653e+02 1.984591216273546161e+04
3.205199999999831562e+02 2.048453932727383653e+04
3.205299999999831471e+02 2.188941889327600802e+04
3.205399999999831380e+02 2.389698014699461783e+04
3.205499999999831289e+02 2.550375557615213620e+04
3.205599999999831198e+02 2.576476734831319482e+04
3.205699999999831107e+02 2.452420997191358038e+04
3.205799999999831016e+02 2.233779804385023817e+04
3.205899999999830925e+02 1.974784488619124386e+04
3.205999999999830834e+02 1.688222622717455670e+04
3.206099999999830743e+02 1.395047790595457627e+04
3.206199999999830652e+02 1.173718827525661254e+04
3.206299999999830561e+02 1.119274577576907177e+04
3.206399999999830470e+02 1.252756296821650540e+04
3.206499999999830379e+02 1.488906820459426672e+04
3.206599999999830288e+02 1.709339025129155561e+04
3.206699999999830197e+02 1.857329191685672413e+04
3.206799999999830106e+02 1.950587043746028576e+04
3.206899999999830015e+02 2.027863560923992918e+04
3.206999999999829924e+02 2.101683300355883330e+04
3.207099999999829834e+02 2.160235604727153259e+04
3.207199999999829743e+02 2.204923224388682138e+04
3.207299999999829652e+02 2.253681325081355317e+04
3.207399999999829561e+02 2.297442127556709602e+04
3.207499999999829470e+02 2.284441637458137120e+04
3.207599999999829379e+02 2.167261881621486100e+04
3.207699999999829288e+02 1.963274420581129380e+04
3.207799999999829197e+02 1.756180869216518840e+04
3.207899999999829106e+02 1.638600327158364598e+04
3.207999999999829015e+02 1.656234903295144250e+04
3.208099999999828924e+02 1.782231947376519020e+04
3.208199999999828833e+02 1.933779088054415115e+04
3.208299999999828742e+02 2.031382961494940901e+04
3.208399999999828651e+02 2.051134188121995976e+04
3.208499999999828560e+02 2.030744209212718124e+04
3.208599999999828469e+02 2.029654572684312006e+04
3.208699999999828378e+02 2.057459089386099367e+04
3.208799999999828287e+02 2.061078686465364081e+04
3.208899999999828196e+02 2.011606686081729276e+04
3.208999999999828106e+02 1.934530561858040528e+04
3.209099999999828015e+02 1.825241276893086251e+04
3.209199999999827924e+02 1.637660985684549451e+04
3.209299999999827833e+02 1.391127604179812806e+04
3.209399999999827742e+02 1.201331718465454105e+04
3.209499999999827651e+02 1.176174892797548273e+04
3.209599999999827560e+02 1.318272254905454975e+04
3.209699999999827469e+02 1.521044834021828137e+04
3.209799999999827378e+02 1.635356466738101517e+04
3.209899999999827287e+02 1.563227542864184034e+04
3.209999999999827196e+02 1.334529130780085143e+04
