# Flat spectrum for spectrometer I2J5046
# Wavelength (nm), Flat response
3.050299999999999727e+02 9.993694802892171269e-01
3.050699999999999932e+02 9.992547258930043474e-01
3.051200000000000045e+02 1.002101841787444991e+00
3.051600000000000250e+02 1.006978565034179818e+00
3.052099999999999795e+02 1.006418264020276787e+00
3.052599999999999909e+02 1.001040961527205120e+00
3.053000000000000114e+02 9.986611800159166386e-01
3.053500000000000227e+02 1.000548379567091084e+00
3.053999999999999773e+02 1.001949445648697479e+00
3.054399999999999977e+02 9.962199096059221048e-01
3.054900000000000091e+02 9.972511184038711507e-01
3.055299999999999727e+02 9.989484484100172867e-01
3.055799999999999841e+02 1.001056974858509196e+00
3.056299999999999955e+02 9.969575758778694841e-01
3.056700000000000159e+02 9.958682962091920388e-01
3.057200000000000273e+02 9.964114525542753231e-01
3.057599999999999909e+02 9.980662001535456351e-01
3.058100000000000023e+02 9.999102259422645300e-01
3.058600000000000136e+02 1.001451708329151868e+00
3.058999999999999773e+02 1.004269115676221791e+00
3.059499999999999886e+02 1.003993415853238869e+00
3.059900000000000091e+02 1.003299224852261640e+00
3.060400000000000205e+02 9.996612372267150715e-01
3.060899999999999750e+02 1.001826124121644179e+00
3.061299999999999955e+02 1.002223149270724312e+00
3.061800000000000068e+02 1.000923171906363152e+00
3.062200000000000273e+02 9.960658519335455763e-01
3.062699999999999818e+02 9.914150010032924953e-01
3.063199999999999932e+02 9.922695602976007168e-01
3.063600000000000136e+02 9.972947029087264603e-01
3.064100000000000250e+02 1.002655084841962863e+00
3.064499999999999886e+02 1.003350399832610984e+00
3.065000000000000000e+02 9.987111695846757620e-01
3.065500000000000114e+02 9.995027797104001355e-01
3.065899999999999750e+02 1.002975742149675442e+00
3.066399999999999864e+02 1.004515237435293917e+00
3.066800000000000068e+02 1.002473386187086257e+00
3.067300000000000182e+02 1.002769879869159997e+00
3.067699999999999818e+02 1.005640955216832388e+00
3.068199999999999932e+02 1.005555297312902940e+00
3.068700000000000045e+02 1.003377930787187067e+00
3.069100000000000250e+02 1.000182092447385651e+00
3.069599999999999795e+02 1.000695371654433563e+00
3.070000000000000000e+02 9.999259290839125347e-01
3.070500000000000114e+02 1.000228707621887203e+00
3.070899999999999750e+02 9.962473509706195607e-01
3.071399999999999864e+02 9.934058744399321128e-01
3.071899999999999977e+02 9.927982836420750079e-01
3.072300000000000182e+02 9.957428026599348669e-01
3.072799999999999727e+02 9.993760802438781399e-01
3.073199999999999932e+02 9.964935304029574059e-01
3.073700000000000045e+02 9.970047063815373756e-01
3.074100000000000250e+02 9.974277043585496605e-01
3.074599999999999795e+02 1.002635856848639095e+00
3.075099999999999909e+02 1.002545674882974858e+00
3.075500000000000114e+02 1.004272705538683086e+00
3.076000000000000227e+02 1.005475959725636637e+00
3.076399999999999864e+02 1.005141552404553718e+00
3.076899999999999977e+02 1.004688329435517335e+00
3.077300000000000182e+02 9.991045865364608369e-01
3.077799999999999727e+02 9.989951360333824137e-01
3.078299999999999841e+02 9.982832251679613078e-01
3.078700000000000045e+02 1.000789779568570737e+00
3.079200000000000159e+02 1.001011101265073755e+00
3.079599999999999795e+02 9.972659518736534112e-01
3.080099999999999909e+02 9.965441345842195320e-01
3.080500000000000114e+02 9.967447970790398459e-01
3.081000000000000227e+02 9.992295789657495986e-01
3.081399999999999864e+02 9.985906039001615220e-01
3.081899999999999977e+02 9.983600224809354717e-01
3.082400000000000091e+02 9.990380345156085751e-01
3.082799999999999727e+02 9.997250600916842700e-01
3.083299999999999841e+02 9.993860093390179999e-01
3.083700000000000045e+02 9.986271333004301809e-01
3.084200000000000159e+02 1.001355078917023578e+00
3.084599999999999795e+02 1.002829931981736200e+00
3.085099999999999909e+02 1.006401898508100690e+00
3.085500000000000114e+02 1.004401223269066223e+00
3.086000000000000227e+02 1.005441443397275147e+00
3.086399999999999864e+02 1.001466347163155746e+00
3.086899999999999977e+02 1.003140693738334921e+00
3.087400000000000091e+02 9.996121158518241900e-01
3.087799999999999727e+02 9.973566606961637993e-01
3.088299999999999841e+02 9.936071671224017132e-01
3.088700000000000045e+02 9.914883470612123606e-01
3.089200000000000159e+02 9.940292665849799203e-01
3.089599999999999795e+02 9.973158333732826675e-01
3.090099999999999909e+02 1.000430150562707121e+00
3.090500000000000114e+02 9.991503079857316783e-01
3.091000000000000227e+02 9.997683214461959844e-01
3.091399999999999864e+02 1.000994016132995990e+00
3.091899999999999977e+02 1.000198926705464286e+00
3.092300000000000182e+02 9.977973746940435040e-01
3.092799999999999727e+02 9.977675578079684415e-01
3.093199999999999932e+02 1.000847182011415537e+00
3.093700000000000045e+02 1.003123731528135831e+00
3.094100000000000250e+02 1.004289861855953037e+00
3.094599999999999795e+02 1.004149163974580761e+00
3.095099999999999909e+02 1.005822189723873938e+00
3.095500000000000114e+02 1.005324847981596381e+00
3.096000000000000227e+02 1.003835496151215700e+00
3.096399999999999864e+02 1.001992968550387886e+00
3.096899999999999977e+02 1.001613690781827604e+00
3.097300000000000182e+02 1.002474118920917201e+00
3.097799999999999727e+02 9.982865393300374146e-01
3.098199999999999932e+02 9.956245019635268090e-01
3.098700000000000045e+02 9.962943210069721278e-01
3.099100000000000250e+02 9.969320815129065760e-01
3.099599999999999795e+02 9.986819062375622558e-01
3.100000000000000000e+02 9.940799669886942747e-01
3.100500000000000114e+02 9.973867593927623343e-01
3.100899999999999750e+02 1.001514517762114531e+00
3.101399999999999864e+02 1.002560712256993947e+00
3.101800000000000068e+02 1.000108295392832636e+00
3.102300000000000182e+02 9.965700185051858950e-01
3.102699999999999818e+02 9.981961651636461763e-01
3.103199999999999932e+02 1.001652450651172366e+00
3.103600000000000136e+02 9.995759264052926918e-01
3.104100000000000250e+02 9.990495507395480423e-01
3.104499999999999886e+02 9.967615040183218644e-01
3.105000000000000000e+02 9.998014486506386911e-01
3.105400000000000205e+02 1.001796121573579335e+00
3.105899999999999750e+02 1.000984848672466176e+00
3.106299999999999955e+02 1.000747550682191678e+00
3.106800000000000068e+02 9.999021994977620453e-01
3.107200000000000273e+02 1.002902176628321262e+00
3.107699999999999818e+02 1.003325293292649301e+00
3.108100000000000023e+02 1.003301453596270543e+00
3.108600000000000136e+02 1.000361071813862024e+00
3.108999999999999773e+02 9.975312243251663880e-01
3.109499999999999886e+02 9.999598115507518648e-01
3.109900000000000091e+02 9.993895949615990704e-01
3.110400000000000205e+02 1.002419484931370119e+00
3.110799999999999841e+02 1.001202589245174357e+00
3.111299999999999955e+02 1.004749574498793097e+00
3.111700000000000159e+02 1.001764935013791158e+00
3.112200000000000273e+02 1.001786711785484618e+00
3.112599999999999909e+02 9.981412813053304189e-01
3.113100000000000023e+02 9.982704012644545433e-01
3.113500000000000227e+02 9.952898954018799538e-01
3.113999999999999773e+02 9.949952902744048089e-01
3.114399999999999977e+02 9.971989966736815036e-01
3.114800000000000182e+02 9.970768128872382619e-01
3.115299999999999727e+02 9.976127787473604291e-01
3.115699999999999932e+02 9.982757887986343226e-01
3.116200000000000045e+02 1.000754677893343825e+00
3.116600000000000250e+02 1.000810318665712018e+00
3.117099999999999795e+02 1.000899018332029655e+00
3.117500000000000000e+02 9.998611408709103809e-01
3.118000000000000114e+02 1.004485338823422946e+00
3.118399999999999750e+02 1.001773236637893305e+00
3.118899999999999864e+02 9.995383132782283964e-01
3.119300000000000068e+02 9.947739914954744078e-01
3.119800000000000182e+02 9.960617374041625949e-01
3.120199999999999818e+02 9.982959828335509211e-01
3.120699999999999932e+02 9.990326652842106414e-01
3.121100000000000136e+02 9.975934230633064503e-01
3.121600000000000250e+02 1.000891361813720071e+00
3.121999999999999886e+02 1.003398506481447905e+00
3.122400000000000091e+02 1.006728774317938502e+00
3.122900000000000205e+02 1.005511517020175605e+00
3.123299999999999841e+02 1.003952382664901499e+00
3.123799999999999955e+02 1.002789866484353976e+00
3.124200000000000159e+02 1.003055110061620070e+00
3.124700000000000273e+02 1.005210417137148982e+00
3.125099999999999909e+02 1.002717576520792075e+00
3.125600000000000023e+02 9.979178736884387613e-01
3.126000000000000227e+02 9.927317423352024495e-01
3.126499999999999773e+02 9.930910605315803608e-01
3.126899999999999977e+02 9.958324091240955411e-01
3.127300000000000182e+02 9.976859442686145663e-01
3.127799999999999727e+02 9.963036892820874568e-01
3.128199999999999932e+02 9.983573654305262224e-01
3.128700000000000045e+02 1.000609039986203319e+00
3.129100000000000250e+02 1.005075100905462815e+00
3.129599999999999795e+02 1.002695136068613602e+00
3.130000000000000000e+02 9.998848979438003104e-01
3.130500000000000114e+02 9.980326750438336392e-01
3.130899999999999750e+02 9.979416366221356416e-01
3.131299999999999955e+02 9.988034600755482106e-01
3.131800000000000068e+02 9.979389124164071978e-01
3.132200000000000273e+02 9.993400818163330479e-01
3.132699999999999818e+02 9.996611344688511869e-01
3.133100000000000023e+02 1.001328992321583122e+00
3.133600000000000136e+02 1.001412640019884837e+00
3.133999999999999773e+02 1.002769395035735034e+00
3.134499999999999886e+02 1.002802014299569500e+00
3.134900000000000091e+02 1.004675534680581350e+00
3.135299999999999727e+02 1.002450124658271990e+00
3.135799999999999841e+02 1.002076310954288507e+00
3.136200000000000045e+02 9.971387042705199821e-01
3.136700000000000159e+02 9.998007769307620807e-01
3.137099999999999795e+02 9.989374930715615442e-01
3.137599999999999909e+02 9.981822341594127623e-01
3.138000000000000114e+02 9.955186375859564896e-01
3.138399999999999750e+02 9.980813421039477218e-01
3.138899999999999864e+02 1.002423968274156696e+00
3.139300000000000068e+02 1.006759323729802258e+00
3.139800000000000182e+02 1.005644730889160066e+00
3.140199999999999818e+02 1.005691562890275392e+00
3.140600000000000023e+02 1.003388432842906131e+00
3.141100000000000136e+02 1.001826829572874944e+00
3.141499999999999773e+02 1.000724191850756117e+00
3.141999999999999886e+02 1.000427736760243880e+00
3.142400000000000091e+02 9.976507600150567034e-01
3.142900000000000205e+02 9.960037134577696127e-01
3.143299999999999841e+02 9.932539488126894689e-01
3.143700000000000045e+02 9.929557807685408521e-01
3.144200000000000159e+02 9.930833338360133267e-01
3.144599999999999795e+02 9.947643078218360024e-01
3.145099999999999909e+02 9.947114259333391661e-01
3.145500000000000114e+02 9.974516537617974521e-01
3.145899999999999750e+02 9.991845823782448122e-01
3.146399999999999864e+02 1.002159878718152264e+00
3.146800000000000068e+02 9.985127389170211920e-01
3.147300000000000182e+02 9.965752579619714391e-01
3.147699999999999818e+02 9.979763485680208657e-01
3.148100000000000023e+02 1.002112931674190799e+00
3.148600000000000136e+02 1.003109410550688141e+00
3.148999999999999773e+02 1.001681314464319072e+00
3.149499999999999886e+02 9.998222473668778587e-01
3.149900000000000091e+02 1.001183145042163325e+00
3.150299999999999727e+02 1.003025680422038546e+00
3.150799999999999841e+02 1.001659087458701247e+00
3.151200000000000045e+02 1.000925613416737692e+00
3.151700000000000159e+02 1.002499980713264849e+00
3.152099999999999795e+02 1.001972234244957072e+00
3.152500000000000000e+02 1.003114544767219618e+00
3.153000000000000114e+02 1.000850321009909560e+00
3.153399999999999750e+02 1.004562340636879325e+00
3.153899999999999864e+02 1.002918138291899242e+00
3.154300000000000068e+02 1.001264335159627539e+00
3.154700000000000273e+02 9.986543509827996434e-01
3.155199999999999818e+02 9.989333014558872126e-01
3.155600000000000023e+02 9.998846966405248171e-01
3.156000000000000227e+02 9.997253567304339450e-01
3.156499999999999773e+02 9.993556573789748043e-01
3.156899999999999977e+02 1.000276840431472802e+00
3.157400000000000091e+02 1.002623579490977690e+00
3.157799999999999727e+02 1.002881781440533304e+00
3.158199999999999932e+02 1.001087258671470082e+00
3.158700000000000045e+02 9.974065214089737896e-01
3.159100000000000250e+02 9.949804293050439341e-01
3.159599999999999795e+02 9.956820234624934596e-01
3.160000000000000000e+02 9.981756944408906040e-01
3.160400000000000205e+02 1.001431753839840955e+00
3.160899999999999750e+02 1.000093707195254478e+00
3.161299999999999955e+02 9.998875747246367407e-01
3.161700000000000159e+02 9.982049258450010898e-01
3.162200000000000273e+02 9.992341000525521988e-01
3.162599999999999909e+02 9.990369803547718419e-01
3.163000000000000114e+02 1.000073885193806245e+00
3.163500000000000227e+02 1.001066489377984592e+00
3.163899999999999864e+02 1.001398576218817560e+00
3.164399999999999977e+02 1.002466715505823558e+00
3.164800000000000182e+02 1.003808792852383336e+00
3.165199999999999818e+02 1.003536060385217921e+00
3.165699999999999932e+02 1.000616196845007133e+00
3.166100000000000136e+02 9.984797677465470089e-01
3.166499999999999773e+02 9.980496709317512316e-01
3.166999999999999886e+02 1.001714294347626044e+00
3.167400000000000091e+02 1.002219266674710951e+00
3.167799999999999727e+02 1.003102518559864764e+00
3.168299999999999841e+02 1.002264011870488414e+00
3.168700000000000045e+02 1.001025201287453870e+00
3.169100000000000250e+02 9.988918731189906364e-01
3.169599999999999795e+02 9.961824656519699950e-01
3.170000000000000000e+02 9.973337276726773615e-01
3.170500000000000114e+02 9.966539006320118688e-01
3.170899999999999750e+02 9.958388779631356380e-01
3.171299999999999955e+02 9.948695889182453955e-01
3.171800000000000068e+02 9.961443118097759175e-01
3.172200000000000273e+02 9.994070038915440213e-01
3.172599999999999909e+02 1.001212634680412217e+00
3.173100000000000023e+02 1.003735233873812360e+00
3.173500000000000227e+02 1.001932138421971707e+00
3.173899999999999864e+02 1.000128989144213332e+00
3.174399999999999977e+02 1.000110647757247007e+00
3.174800000000000182e+02 9.984931625505482078e-01
3.175199999999999818e+02 9.983907400079801153e-01
3.175699999999999932e+02 9.973079822268067218e-01
3.176100000000000136e+02 9.998428531322174351e-01
3.176499999999999773e+02 1.001091964607465412e+00
3.176999999999999886e+02 1.001854267612999339e+00
3.177400000000000091e+02 1.001695293956436084e+00
3.177799999999999727e+02 1.001786975651862255e+00
3.178299999999999841e+02 1.000476476503264989e+00
3.178700000000000045e+02 9.978161914751273454e-01
3.179100000000000250e+02 9.965021358038693711e-01
3.179599999999999795e+02 9.969075252756929295e-01
3.180000000000000000e+02 1.002347650372494847e+00