# ILS for USB2+H15972
0.000000000000000000e+00
1.566986282106629580e-06
3.104469905773706236e-06
4.598989433099196483e-06
6.037083426181070225e-06
7.405290447117293555e-06
8.690149058005838494e-06
9.878197820944667747e-06
1.095597529803175418e-05
1.191002005136506135e-05
1.272687064304256297e-05
1.339306563516222767e-05
1.389514358982201392e-05
1.421964306911989713e-05
1.435310263515384594e-05
1.428206085002182390e-05
1.399305627582180302e-05
1.347262747465175194e-05
1.270781024508246068e-05
1.171804366633406819e-05
1.057452762163957792e-05
9.353098993661365358e-06
8.129594665061785628e-06
6.979851518503207421e-06
5.979706436648002813e-06
5.204996302158536259e-06
4.731557997697175599e-06
4.632704248072652427e-06
4.919545735133512367e-06
5.538596423464217305e-06
6.433366970677951124e-06
7.547368034387901941e-06
8.824110272207252791e-06
1.020710434174919348e-05
1.163986090062690282e-05
1.306589060645357485e-05
1.443063987708998971e-05
1.570342545144228034e-05
1.686963931171450300e-05
1.791497338887408636e-05
1.882511961388846924e-05
1.958576991772506337e-05
2.018261623135129401e-05
2.060135048573459660e-05
2.082766461184238965e-05
2.085120100963153093e-05
2.068923611617697926e-05
2.037084602319831544e-05
1.992515101662411888e-05
1.938127138238295206e-05
1.876832740640340457e-05
1.811543937461405581e-05
1.745172757294347844e-05
1.680631228732025524e-05
1.620480949322987952e-05
1.565819405255697698e-05
1.517361770127391650e-05
1.475823216415985693e-05
1.441918916599394184e-05
1.416364043155533347e-05
1.399873768562316354e-05
1.393163265297660105e-05
1.396945200831177611e-05
1.410911879690963137e-05
1.432172354631675400e-05
1.457433070856673064e-05
1.483400473569312420e-05
1.506781007972952470e-05
1.524281119270950522e-05
1.532607252666664052e-05
1.528465853363450877e-05
1.508613510867961112e-05
1.472961463592219634e-05
1.426396500618639176e-05
1.374243608342994084e-05
1.321827773161060058e-05
1.274473981468612626e-05
1.237507219661426643e-05
1.216252474135278317e-05
1.216034731285941652e-05
1.241964094348429239e-05
1.294206017733749774e-05
1.367980008832562338e-05
1.458290432235489830e-05
1.560141652533154473e-05
1.668538034316176794e-05
1.778483942175180201e-05
1.884983740700786067e-05
1.983041794483616106e-05
2.068030409968218484e-05
2.139478667420523805e-05
2.199541282800374122e-05
2.250414277593061147e-05
2.294293673283876592e-05
2.333375491358112170e-05
2.369855753301059595e-05
2.405930480598010918e-05
2.443795694734256834e-05
2.485063097831013271e-05
2.527667288301049703e-05
2.568116066402568320e-05
2.602914086185889082e-05
2.628566001701332963e-05
2.641576466999219920e-05
2.638450136129868895e-05
2.615691663143600862e-05
2.569805740449618230e-05
2.499052857179825851e-05
2.408136688181683282e-05
2.303238497956506135e-05
2.190539551005610022e-05
2.076221111830308524e-05
1.966464444931917592e-05
1.867450814811751143e-05
1.785361485971124451e-05
1.726368478574954259e-05
1.694875424715913545e-05
1.691430546853178753e-05
1.716074089047053757e-05
1.768846295357846157e-05
1.849787409845860504e-05
1.958937676571403724e-05
2.096337339594781044e-05
2.262026642976298712e-05
2.455963444219442507e-05
2.674691848599112905e-05
2.910195310956410303e-05
3.154139470185592450e-05
3.398189965180918452e-05
3.634012434836642329e-05
3.853272518047022170e-05
4.047635853706315387e-05
4.208768080708778710e-05
4.328870461090194254e-05
4.409117458109181986e-05
4.458116824119000776e-05
4.484700525885060535e-05
4.497700530172769141e-05
4.505948803747535152e-05
4.518277313374768477e-05
4.543518025819879029e-05
4.590502907848274008e-05
4.666968928500172598e-05
4.771322565930770929e-05
4.897249584110122849e-05
5.038399157049819051e-05
5.188420458761450226e-05
5.340962663256611811e-05
5.489674944546890433e-05
5.628206476643878817e-05
5.750206433559169010e-05
5.850640301438974906e-05
5.930736086672575648e-05
5.993582232917615626e-05
6.042267486166131018e-05
6.079880592410158002e-05
6.109510297641732078e-05
6.134245347852894847e-05
6.157174489035683164e-05
6.181388044580359757e-05
6.211009915176725446e-05
6.252980016325130155e-05
6.314713377813746336e-05
6.403625029430743733e-05
6.527130000964292088e-05
6.692643322202567922e-05
6.907580022933736911e-05
7.179355132945970154e-05
7.515334590346448517e-05
7.919608957923624610e-05
8.390992616338900873e-05
8.927821954510694236e-05
9.528433361357405368e-05
1.019116322579744578e-04
1.091434793674922834e-04
1.169632388313115778e-04
1.253542745386164426e-04
1.343011927095600342e-04
1.438159157038021365e-04
1.539370011663587984e-04
1.647041128751887428e-04
1.761569146082506111e-04
1.883350701435029903e-04
2.012782432589046847e-04
2.150260977324142543e-04
2.296182973419903675e-04
2.451050391611494400e-04
2.616444997129637210e-04
2.794582124373840427e-04
2.987685163748040641e-04
3.197977505656169023e-04
3.427682540502161620e-04
3.679023658689949063e-04
3.954224250623465772e-04
4.255507706706646714e-04
4.585129685010379437e-04
4.945522541069534601e-04
5.339178804588982441e-04
5.768591055804547394e-04
6.236251874952049561e-04
6.744653842267314464e-04
7.296289537986165455e-04
7.893651542344424805e-04
8.539234361334951257e-04
9.238793350650938976e-04
1.000801738024045687e-03
1.086448004598121854e-03
1.182575494375093760e-03
1.290941566942733305e-03
1.413303581888811309e-03
1.551418898801099891e-03
1.707044877267370735e-03
1.881945458573474434e-03
2.078443859183525238e-03
2.299840820913639627e-03
2.549535583433211808e-03
2.830927386411637506e-03
3.147415469518310277e-03
3.502399072422624111e-03
3.899277434793973866e-03
4.341449796301755266e-03
4.832033756791668730e-03
5.367269741128746080e-03
5.936291473147146253e-03
6.527905116136423040e-03
7.130916833386136307e-03
7.734132788185842447e-03
8.326359143825097855e-03
8.896402063593466733e-03
9.433067710780500270e-03
9.926071244137859087e-03
1.037492448595070220e-02
1.078511211218509229e-02
1.116220383433317795e-02
1.151176936388712164e-02
1.183937841233906330e-02
1.215060069118116537e-02
1.245100591190557299e-02
1.274616378600444341e-02
1.304060879848115140e-02
1.333309783628601822e-02
1.362038425974301976e-02
1.389921945949123584e-02
1.416635482616975666e-02
1.441854175041766897e-02
1.465253162287406125e-02
1.486507583417802023e-02
1.505292650424130615e-02
1.521400553869560815e-02
1.534977939767372471e-02
1.546238335344879769e-02
1.555395267829399325e-02
1.562662264448245325e-02
1.568252852428733343e-02
1.572380558998178260e-02
1.575258911383895302e-02
1.577100138478615410e-02
1.578014787059554142e-02
1.577940346773131289e-02
1.576797455948632243e-02
1.574506752915340313e-02
1.570988876002539503e-02
1.566164463539514509e-02
1.559954153855547948e-02
1.552278585279925210e-02
1.543049303974941208e-02
1.531973835409715032e-02
1.518558477643474659e-02
1.502300995258400509e-02
1.482699152836672654e-02
1.459250714960471165e-02
1.431453446211976115e-02
1.398805111173367227e-02
1.360803474426824748e-02
1.317048027343461526e-02
1.268139736763027221e-02
1.215248940314342732e-02
1.159552544940135529e-02
1.102227457583135513e-02
1.044450585186070500e-02
9.873988346916698702e-03
9.322491130426616146e-03
8.801783271817751123e-03
8.321474932417612450e-03
7.880310011558767577e-03
7.473621225141308978e-03
7.096740070620696610e-03
6.744998045452389561e-03
6.413726647091855596e-03
6.098257372994547731e-03
5.793921720615929395e-03
5.496053665726523263e-03
5.201442382230221997e-03
4.910779858305813241e-03
4.625405554658782413e-03
4.346658931994615803e-03
4.075879451018798831e-03
3.814406572436820388e-03
3.563579756954162424e-03
3.324738465276314697e-03
3.099211635222789453e-03
2.887760539388693499e-03
2.690301368231570647e-03
2.506681537353173429e-03
2.336748462355247441e-03
2.180349558839546949e-03
2.037332242407821018e-03
1.907543928661820229e-03
1.790832033203293861e-03
1.687007738436082380e-03
1.595252624321916559e-03
1.514214581158377770e-03
1.442524613006762038e-03
1.378813723928367339e-03
1.321712917984489049e-03
1.269853199236425142e-03
1.221865571745471861e-03
1.176381039572925880e-03
1.132148455928382860e-03
1.088846758530299420e-03
1.046596058162352653e-03
1.005519123954581482e-03
9.657387250370238563e-04
9.273776305397188075e-04
8.905586095927048263e-04
8.554044313260205116e-04
8.220378648697044622e-04
7.905102675750002618e-04
7.605853864355608882e-04
7.319545716764275971e-04
7.043091735217861006e-04
6.773405421958223274e-04
6.507400279227219895e-04
6.241989809266710156e-04
5.974087514318552261e-04
5.700616828037566395e-04
5.420206547671900564e-04
5.135110461162329266e-04
4.848046119108345318e-04
4.561731072109435577e-04
4.278882870765092863e-04
4.002219065674807825e-04
3.734457207438068947e-04
3.478314846654367962e-04
3.236467545175934486e-04
3.010276969894366958e-04
2.799562269162754165e-04
2.604054508681249644e-04
2.423484754150011808e-04
2.257584071269198259e-04
2.106083525738966327e-04
1.968714183259470630e-04
1.845207109530869584e-04
1.735240895110006496e-04
1.637872316463839686e-04
1.551751309158979318e-04
1.475520768704912950e-04
1.407823590611127871e-04
1.347302670387109740e-04
1.292600903542346659e-04
1.242361185586325102e-04
1.195226412028531680e-04
1.150015351853594004e-04
1.106540126024961422e-04
1.064961258920727317e-04
1.025439651247451209e-04
9.881362037116938354e-05
9.532118170200153953e-05
9.208273918789764919e-05
8.911438289951370518e-05
8.643219535557109077e-05
8.404487915962722969e-05
8.193995691619174182e-05
8.010117525560966412e-05
7.851228080822589804e-05
7.715702020438543988e-05
7.601914007443327239e-05
7.508238704871436479e-05
7.433050775757365917e-05
7.374710741934681151e-05
7.330767398115915312e-05
7.297532047436682315e-05
7.271211923623545944e-05
7.248014260403069981e-05
7.224146291501833117e-05
7.195815250646391003e-05
7.159228371563315554e-05
7.110592887979169197e-05
7.046230820189564926e-05
6.964413357270665987e-05
6.865040216047483168e-05
6.748061121656473112e-05
6.613425799234088395e-05
6.461083973916784302e-05
6.290985370841020187e-05
6.103079715143241171e-05
5.897316731959915416e-05
5.674180365143673024e-05
5.438107051504303014e-05
5.195306424139515107e-05
4.951996516287270381e-05
4.714395361185535333e-05
4.488720992072272394e-05
4.281191442185446029e-05
4.098024744763021379e-05
3.945438877125099662e-05
3.827798202772415327e-05
3.742733166016964377e-05
3.686345509055728909e-05
3.654736974085695089e-05
3.644009303303843658e-05
3.650264238907161457e-05
3.669603523092630586e-05
3.698128898057233819e-05
3.731949148592995008e-05
3.767902794001324815e-05
3.804184115800741424e-05
3.839134911920339413e-05
3.871096980289217426e-05
3.898412118836472751e-05
3.919422125491205388e-05
3.932468798182509235e-05
3.935893934839485649e-05
3.928110390821617050e-05
3.909151028885895417e-05
3.880660806917479960e-05
3.844354157766160049e-05
3.801945514281722339e-05
3.755149309313954845e-05
3.705679975712642868e-05
3.655251946327575099e-05
3.605579654008538194e-05
3.558214026560839926e-05
3.513230226612249987e-05
3.469920637341576008e-05
3.427570456577501889e-05
3.385464882148714918e-05
3.342889111883901704e-05
3.299128343611748858e-05
3.253467775160943665e-05
3.205192604360170705e-05
3.153594677685225931e-05
3.097994247309070946e-05
3.037719150020606740e-05
2.972097222683935922e-05
2.900456302163160419e-05
2.822124225322380131e-05
2.736428829025696987e-05
2.642697950137212239e-05
2.540268288985852378e-05
2.429977625922209904e-05
2.315843903776668690e-05
2.202290340344087837e-05
2.093740153419325429e-05
1.994616560797241584e-05
1.909342780272693031e-05
1.842342029640540565e-05
1.798037526695640915e-05
1.780693093738924766e-05
1.790128179260318153e-05
1.821236972252842867e-05
1.868657770734981664e-05
1.927028872725217637e-05
1.990988576242036929e-05
2.055175179303921618e-05
2.114226979929355476e-05
2.162782276136823628e-05
2.195850339264238506e-05
2.212212694603619165e-05
2.212850388604004591e-05
2.198771908197295335e-05
2.170985740315388221e-05
2.130500371890185152e-05
2.078324289853584309e-05
2.015465981137485224e-05
1.942933932673788109e-05
1.861999963284541169e-05
1.775161261065309312e-05
1.685271167996905666e-05
1.595183065321036615e-05
1.507750334279406174e-05
1.425826356113720895e-05
1.352264512065685299e-05
1.289918183377005433e-05
1.241633808121144779e-05
1.208719237377111110e-05
1.189016215717937187e-05
1.179892293639074223e-05
1.178715021635971057e-05
1.182851950204078732e-05
1.189670629838846597e-05
1.196538611035725017e-05
1.200823444290164356e-05
1.199892680097613964e-05
1.191113868953524883e-05
1.171854561353346123e-05
1.139482307792528387e-05
1.091364658766521702e-05
1.024869164770775755e-05
9.373633763007409102e-06
8.262148438518671952e-06
6.887911179196044660e-06
