# NO2 Cross section
# Source: Voigt, S., Orphal, J., and Burrows, J. P.Journal of Photochemistry and Photobiology A: Chemistry, 149, 1–7, https://doi.org/10.1016/S1010-6030(01)00650-5, 2002.
# Interpolated by cublic spline
# Wavelength (nm),       Absorption cross-section(cm2/molec)
3.020000000000000000e+02 1.574056237811023378e-19
3.020099999999999909e+02 1.510242772098236643e-19
3.020199999999999818e+02 1.501038496799273941e-19
3.020299999999999727e+02 1.551397705964896440e-19
3.020399999999999636e+02 1.493071281596484892e-19
3.020499999999999545e+02 1.537688511392886004e-19
3.020599999999999454e+02 1.580939226651323866e-19
3.020699999999999363e+02 1.507080815329530662e-19
3.020799999999999272e+02 1.509713193905949228e-19
3.020899999999999181e+02 1.559925609574651931e-19
3.020999999999999091e+02 1.549899646444624247e-19
3.021099999999999000e+02 1.523462624616493489e-19
3.021199999999998909e+02 1.440799297176294938e-19
3.021299999999998818e+02 1.523138022431841416e-19
3.021399999999998727e+02 1.611975199175109188e-19
3.021499999999998636e+02 1.627756227533615239e-19
3.021599999999998545e+02 1.552901029943702060e-19
3.021699999999998454e+02 1.541529930417855011e-19
3.021799999999998363e+02 1.608842719312867957e-19
3.021899999999998272e+02 1.667610995150960043e-19
3.021999999999998181e+02 1.549872209981365056e-19
3.022099999999998090e+02 1.480044347639708159e-19
3.022199999999997999e+02 1.549340045754772721e-19
3.022299999999997908e+02 1.490228760917862034e-19
3.022399999999997817e+02 1.589685905116525612e-19
3.022499999999997726e+02 1.577254755134177043e-19
3.022599999999997635e+02 1.598207023839336350e-19
3.022699999999997544e+02 1.592736089197384443e-19
3.022799999999997453e+02 1.580341540959269038e-19
3.022899999999997362e+02 1.555106802110923271e-19
3.022999999999997272e+02 1.588053978705543247e-19
3.023099999999997181e+02 1.488034918530436047e-19
3.023199999999997090e+02 1.594007350768177531e-19
3.023299999999996999e+02 1.615129823930417779e-19
3.023399999999996908e+02 1.565830923368515462e-19
3.023499999999996817e+02 1.572338358623431148e-19
3.023599999999996726e+02 1.569129192359670810e-19
3.023699999999996635e+02 1.544070427388329368e-19
3.023799999999996544e+02 1.560135739665891384e-19
3.023899999999996453e+02 1.613765265080054914e-19
3.023999999999996362e+02 1.577680577343352050e-19
3.024099999999996271e+02 1.565475204839711056e-19
3.024199999999996180e+02 1.581973290172927643e-19
3.024299999999996089e+02 1.551109376668535927e-19
3.024399999999995998e+02 1.596874202195618195e-19
3.024499999999995907e+02 1.517117697751231366e-19
3.024599999999995816e+02 1.599821984349044417e-19
3.024699999999995725e+02 1.585747435060421330e-19
3.024799999999995634e+02 1.568980733524371038e-19
3.024899999999995543e+02 1.571460415205412655e-19
3.024999999999995453e+02 1.619150780652032574e-19
3.025099999999995362e+02 1.547064104371714040e-19
3.025199999999995271e+02 1.677219420936601997e-19
3.025299999999995180e+02 1.559938229291486599e-19
3.025399999999995089e+02 1.520645440600349541e-19
3.025499999999994998e+02 1.600511367439980365e-19
3.025599999999994907e+02 1.553118528618124187e-19
3.025699999999994816e+02 1.599699098894334967e-19
3.025799999999994725e+02 1.581281862256034268e-19
3.025899999999994634e+02 1.611870290649722995e-19
3.025999999999994543e+02 1.603739199455411505e-19
3.026099999999994452e+02 1.581067756374170995e-19
3.026199999999994361e+02 1.610397858091909868e-19
3.026299999999994270e+02 1.663699524804068662e-19
3.026399999999994179e+02 1.574937398346352160e-19
3.026499999999994088e+02 1.548575293909689369e-19
3.026599999999993997e+02 1.616058683031648162e-19
3.026699999999993906e+02 1.554834761631931410e-19
3.026799999999993815e+02 1.561066672933983451e-19
3.026899999999993724e+02 1.606604459143854444e-19
3.026999999999993634e+02 1.525996060920605475e-19
3.027099999999993543e+02 1.639958732673835356e-19
3.027199999999993452e+02 1.577066935903471706e-19
3.027299999999993361e+02 1.586023587247949733e-19
3.027399999999993270e+02 1.606049056510440681e-19
3.027499999999993179e+02 1.555348002957648048e-19
3.027599999999993088e+02 1.571898394637530335e-19
3.027699999999992997e+02 1.606385895905855859e-19
3.027799999999992906e+02 1.549685296498732659e-19
3.027899999999992815e+02 1.581884222988820849e-19
3.027999999999992724e+02 1.555941010290070218e-19
3.028099999999992633e+02 1.645533396276920272e-19
3.028199999999992542e+02 1.656344110202015612e-19
3.028299999999992451e+02 1.597996225463273092e-19
3.028399999999992360e+02 1.637121820663260028e-19
3.028499999999992269e+02 1.622286950532220969e-19
3.028599999999992178e+02 1.611803893689186000e-19
3.028699999999992087e+02 1.635361619663601372e-19
3.028799999999991996e+02 1.588572488139360501e-19
3.028899999999991905e+02 1.607631075129385588e-19
3.028999999999991815e+02 1.605602082452490507e-19
3.029099999999991724e+02 1.566443560769678783e-19
3.029199999999991633e+02 1.648940137494780399e-19
3.029299999999991542e+02 1.616287886330820096e-19
3.029399999999991451e+02 1.564588257063087873e-19
3.029499999999991360e+02 1.591992064469308682e-19
3.029599999999991269e+02 1.684811590879521793e-19
3.029699999999991178e+02 1.565299115599418562e-19
3.029799999999991087e+02 1.646383746956906173e-19
3.029899999999990996e+02 1.560891187376872100e-19
3.029999999999990905e+02 1.645655810241286103e-19
3.030099999999990814e+02 1.658522638792550480e-19
3.030199999999990723e+02 1.670439315706493577e-19
3.030299999999990632e+02 1.698022758682914517e-19
3.030399999999990541e+02 1.684081285867419688e-19
3.030499999999990450e+02 1.589414323447795597e-19
3.030599999999990359e+02 1.710646325399966246e-19
3.030699999999990268e+02 1.704040597497115555e-19
3.030799999999990177e+02 1.639406074762203838e-19
3.030899999999990087e+02 1.577020285681721220e-19
3.030999999999989996e+02 1.659463146881142896e-19
3.031099999999989905e+02 1.626555093054544860e-19
3.031199999999989814e+02 1.729546799816377253e-19
3.031299999999989723e+02 1.693157245795568970e-19
3.031399999999989632e+02 1.716229754035181680e-19
3.031499999999989541e+02 1.717578333286541579e-19
3.031599999999989450e+02 1.617107757904907301e-19
3.031699999999989359e+02 1.695182580015204664e-19
3.031799999999989268e+02 1.673887787513123891e-19
3.031899999999989177e+02 1.711999999996876161e-19
3.031999999999989086e+02 1.589769132416215424e-19
3.032099999999988995e+02 1.741356264649344575e-19
3.032199999999988904e+02 1.653337463321433748e-19
3.032299999999988813e+02 1.690476190145414809e-19
3.032399999999988722e+02 1.657244695896647296e-19
3.032499999999988631e+02 1.670235380856269114e-19
3.032599999999988540e+02 1.735737015778313987e-19
3.032699999999988449e+02 1.742550923268882342e-19
3.032799999999988358e+02 1.742358293345900918e-19
3.032899999999988268e+02 1.688400452243291314e-19
3.032999999999988177e+02 1.670091461547563917e-19
3.033099999999988086e+02 1.775516839684411018e-19
3.033199999999987995e+02 1.767690418214686768e-19
3.033299999999987904e+02 1.731517105481185069e-19
3.033399999999987813e+02 1.648661858006542947e-19
3.033499999999987722e+02 1.776402789989982880e-19
3.033599999999987631e+02 1.664575445623642309e-19
3.033699999999987540e+02 1.699716218191849925e-19
3.033799999999987449e+02 1.690204067230085445e-19
3.033899999999987358e+02 1.634151835805261599e-19
3.033999999999987267e+02 1.651749186272320488e-19
3.034099999999987176e+02 1.711251373234346087e-19
3.034199999999987085e+02 1.682615385111244694e-19
3.034299999999986994e+02 1.652121816001909411e-19
3.034399999999986903e+02 1.797844488999055097e-19
3.034499999999986812e+02 1.641386992204430434e-19
3.034599999999986721e+02 1.729722782039212176e-19
3.034699999999986630e+02 1.663989447386076480e-19
3.034799999999986539e+02 1.716881871904034708e-19
3.034899999999986449e+02 1.739522350361682727e-19
3.034999999999986358e+02 1.699926240943012061e-19
3.035099999999986267e+02 1.655440296333367125e-19
3.035199999999986176e+02 1.682501976518639703e-19
3.035299999999986085e+02 1.692643946838758492e-19
3.035399999999985994e+02 1.743360909432289131e-19
3.035499999999985903e+02 1.748794244982690090e-19
3.035599999999985812e+02 1.738707303612890578e-19
3.035699999999985721e+02 1.707641896981246268e-19
3.035799999999985630e+02 1.700793520719809764e-19
3.035899999999985539e+02 1.716688481552831185e-19
3.035999999999985448e+02 1.671462780075851843e-19
3.036099999999985357e+02 1.686168842838735149e-19
3.036199999999985266e+02 1.679294732047477009e-19
3.036299999999985175e+02 1.682719053141948478e-19
3.036399999999985084e+02 1.766172280704176038e-19
3.036499999999984993e+02 1.679601740333740243e-19
3.036599999999984902e+02 1.692184240147305030e-19
3.036699999999984811e+02 1.677544964823731695e-19
3.036799999999984720e+02 1.661067405055972680e-19
3.036899999999984630e+02 1.661732929482577567e-19
3.036999999999984539e+02 1.667657464568337613e-19
3.037099999999984448e+02 1.747269752986783939e-19
3.037199999999984357e+02 1.670021246899892246e-19
3.037299999999984266e+02 1.643270831989410515e-19
3.037399999999984175e+02 1.745232914760499325e-19
3.037499999999984084e+02 1.692440062685920643e-19
3.037599999999983993e+02 1.688557450964746597e-19
3.037699999999983902e+02 1.657011765242250923e-19
3.037799999999983811e+02 1.650887460630788827e-19
3.037899999999983720e+02 1.714229981003625129e-19
3.037999999999983629e+02 1.747759380375424790e-19
3.038099999999983538e+02 1.672716489085960213e-19
3.038199999999983447e+02 1.616878132124213265e-19
3.038299999999983356e+02 1.696836025526119189e-19
3.038399999999983265e+02 1.641402429080136414e-19
3.038499999999983174e+02 1.708832983875746393e-19
3.038599999999983083e+02 1.643362146305843165e-19
3.038699999999982992e+02 1.677033588908029429e-19
3.038799999999982901e+02 1.719017158749024261e-19
3.038899999999982811e+02 1.640082668810327818e-19
3.038999999999982720e+02 1.668357063893294648e-19
3.039099999999982629e+02 1.602587525769758659e-19
3.039199999999982538e+02 1.600164925344446203e-19
3.039299999999982447e+02 1.745558690261796658e-19
3.039399999999982356e+02 1.691232580653200027e-19
3.039499999999982265e+02 1.700689228223922104e-19
3.039599999999982174e+02 1.672497751194325732e-19
3.039699999999982083e+02 1.713700050777791713e-19
3.039799999999981992e+02 1.729633179668513935e-19
3.039899999999981901e+02 1.670933554765748347e-19
3.039999999999981810e+02 1.658319185276613249e-19
3.040099999999981719e+02 1.645887900597253116e-19
3.040199999999981628e+02 1.642778056742706015e-19
3.040299999999981537e+02 1.757877593812208848e-19
3.040399999999981446e+02 1.665896637885440689e-19
3.040499999999981355e+02 1.638060121021128005e-19
3.040599999999981264e+02 1.641394829931603979e-19
3.040699999999981173e+02 1.668959236058098133e-19
3.040799999999981083e+02 1.595935169815063332e-19
3.040899999999980992e+02 1.709430875209905831e-19
3.040999999999980901e+02 1.684618415288950536e-19
3.041099999999980810e+02 1.696419466536529208e-19
3.041199999999980719e+02 1.654751898803836500e-19
3.041299999999980628e+02 1.713666885309125483e-19
3.041399999999980537e+02 1.721458377030092565e-19
3.041499999999980446e+02 1.724917003444399939e-19
3.041599999999980355e+02 1.615239666114137498e-19
3.041699999999980264e+02 1.706471004076645122e-19
3.041799999999980173e+02 1.656148567716764152e-19
3.041899999999980082e+02 1.684740707203456302e-19
3.041999999999979991e+02 1.639059895636709902e-19
3.042099999999979900e+02 1.632157599806415628e-19
3.042199999999979809e+02 1.616157085505078134e-19
3.042299999999979718e+02 1.692711781388369431e-19
3.042399999999979627e+02 1.614051831499561381e-19
3.042499999999979536e+02 1.514465832323263196e-19
3.042599999999979445e+02 1.634653501294214647e-19
3.042699999999979354e+02 1.673993779746403875e-19
3.042799999999979264e+02 1.647368787128723459e-19
3.042899999999979173e+02 1.709696953568853629e-19
3.042999999999979082e+02 1.613231870817933456e-19
3.043099999999978991e+02 1.638705985223958378e-19
3.043199999999978900e+02 1.698724418610104582e-19
3.043299999999978809e+02 1.603111340785068180e-19
3.043399999999978718e+02 1.766323522902901236e-19
3.043499999999978627e+02 1.673747675995545852e-19
3.043599999999978536e+02 1.660394037074681477e-19
3.043699999999978445e+02 1.700908859772903984e-19
3.043799999999978354e+02 1.639863221945335968e-19
3.043899999999978263e+02 1.666129471462125601e-19
3.043999999999978172e+02 1.696036272039902055e-19
3.044099999999978081e+02 1.743227448594641061e-19
3.044199999999977990e+02 1.737674183616218248e-19
3.044299999999977899e+02 1.685640311073175497e-19
3.044399999999977808e+02 1.684606737117237071e-19
3.044499999999977717e+02 1.639960347094138574e-19
3.044599999999977626e+02 1.635941604267317728e-19
3.044699999999977535e+02 1.660642822448065254e-19
3.044799999999977445e+02 1.615348235928475468e-19
3.044899999999977354e+02 1.727495816044415099e-19
3.044999999999977263e+02 1.654660804738192645e-19
3.045099999999977172e+02 1.647818632208787477e-19
3.045199999999977081e+02 1.775024844099612230e-19
3.045299999999976990e+02 1.598663428514834326e-19
3.045399999999976899e+02 1.753606017089931966e-19
3.045499999999976808e+02 1.722419376394347526e-19
3.045599999999976717e+02 1.698878900948351291e-19
3.045699999999976626e+02 1.660280967782177289e-19
3.045799999999976535e+02 1.622881945708217709e-19
3.045899999999976444e+02 1.729326875574548372e-19
3.045999999999976353e+02 1.683863931401654953e-19
3.046099999999976262e+02 1.664541509252591921e-19
3.046199999999976171e+02 1.627778735741351936e-19
3.046299999999976080e+02 1.731936050659453936e-19
3.046399999999975989e+02 1.655373558664404610e-19
3.046499999999975898e+02 1.710030375586264729e-19
3.046599999999975807e+02 1.744050541466158277e-19
3.046699999999975716e+02 1.658642279606433528e-19
3.046799999999975626e+02 1.760131856999819212e-19
3.046899999999975535e+02 1.710564433819456251e-19
3.046999999999975444e+02 1.695212203866877535e-19
3.047099999999975353e+02 1.613766458141053982e-19
3.047199999999975262e+02 1.655052612803337695e-19
3.047299999999975171e+02 1.764494978854791306e-19
3.047399999999975080e+02 1.684953810496603910e-19
3.047499999999974989e+02 1.670294459921242214e-19
3.047599999999974898e+02 1.762237095414665602e-19
3.047699999999974807e+02 1.654706468369810995e-19
3.047799999999974716e+02 1.639113445337823478e-19
3.047899999999974625e+02 1.734921517831273244e-19
3.047999999999974534e+02 1.672653622617060530e-19
3.048099999999974443e+02 1.713137055513260096e-19
3.048199999999974352e+02 1.733229734946405601e-19
3.048299999999974261e+02 1.656764466320754005e-19
3.048399999999974170e+02 1.768286642390950174e-19
3.048499999999974079e+02 1.753401341064152908e-19
3.048599999999973988e+02 1.700039644791597561e-19
3.048699999999973898e+02 1.757635267580211339e-19
3.048799999999973807e+02 1.697744110846033708e-19
3.048899999999973716e+02 1.703900220891430075e-19
3.048999999999973625e+02 1.644347630534689607e-19
3.049099999999973534e+02 1.747965517007906503e-19
3.049199999999973443e+02 1.683309039208217892e-19
3.049299999999973352e+02 1.734102888231863758e-19
3.049399999999973261e+02 1.743247379482077205e-19
3.049499999999973170e+02 1.757944565474066145e-19
3.049599999999973079e+02 1.842779379614601703e-19
3.049699999999972988e+02 1.721640035646132031e-19
3.049799999999972897e+02 1.755916633345874996e-19
3.049899999999972806e+02 1.715871874829175178e-19
3.049999999999972715e+02 1.753099053503518248e-19
3.050099999999972624e+02 1.715969493572626950e-19
3.050199999999972533e+02 1.756098511589353641e-19
3.050299999999972442e+02 1.708386214930281410e-19
3.050399999999972351e+02 1.769422837726386653e-19
3.050499999999972260e+02 1.756301419080936960e-19
3.050599999999972169e+02 1.680063342273004185e-19
3.050699999999972079e+02 1.679759112839096539e-19
3.050799999999971988e+02 1.769875143047056955e-19
3.050899999999971897e+02 1.894678450302843772e-19
3.050999999999971806e+02 1.721891195428418485e-19
3.051099999999971715e+02 1.619999825425985030e-19
3.051199999999971624e+02 1.753076943918081352e-19
3.051299999999971533e+02 1.718033775915375796e-19
3.051399999999971442e+02 1.760620282231590461e-19
3.051499999999971351e+02 1.808695069148842935e-19
3.051599999999971260e+02 1.757512866552885575e-19
3.051699999999971169e+02 1.761208078441176545e-19
3.051799999999971078e+02 1.779915028999150113e-19
3.051899999999970987e+02 1.787483825761163850e-19
3.051999999999970896e+02 1.779905198954832904e-19
3.052099999999970805e+02 1.765705368673155751e-19
3.052199999999970714e+02 1.774655948326465316e-19
3.052299999999970623e+02 1.751147177454272369e-19
3.052399999999970532e+02 1.761704085471369582e-19
3.052499999999970441e+02 1.654879393584618218e-19
3.052599999999970350e+02 1.791105159957079966e-19
3.052699999999970260e+02 1.736915543851953298e-19
3.052799999999970169e+02 1.765419967183885565e-19
3.052899999999970078e+02 1.730875133460012805e-19
3.052999999999969987e+02 1.734790317003595899e-19
3.053099999999969896e+02 1.772931257949757787e-19
3.053199999999969805e+02 1.763879486709624734e-19
3.053299999999969714e+02 1.725434225244113076e-19
3.053399999999969623e+02 1.736771847471079760e-19
3.053499999999969532e+02 1.789132233386267396e-19
3.053599999999969441e+02 1.769087461819606568e-19
3.053699999999969350e+02 1.767119878163105975e-19
3.053799999999969259e+02 1.718751731495294849e-19
3.053899999999969168e+02 1.686984498321773647e-19
3.053999999999969077e+02 1.744204011004308366e-19
3.054099999999968986e+02 1.734083402437699044e-19
3.054199999999968895e+02 1.709878910008189004e-19
3.054299999999968804e+02 1.756993994910444182e-19
3.054399999999968713e+02 1.752801679381560166e-19
3.054499999999968622e+02 1.753509764747811012e-19
3.054599999999968531e+02 1.737913068159881697e-19
3.054699999999968441e+02 1.681109486750160299e-19
3.054799999999968350e+02 1.724975533460224334e-19
3.054899999999968259e+02 1.767453298317330317e-19
3.054999999999968168e+02 1.757259519191165689e-19
3.055099999999968077e+02 1.708585321236036186e-19
3.055199999999967986e+02 1.696518079844166050e-19
3.055299999999967895e+02 1.722248840082836465e-19
3.055399999999967804e+02 1.658532466388165968e-19
3.055499999999967713e+02 1.708358009214007114e-19
3.055599999999967622e+02 1.729603404085908162e-19
3.055699999999967531e+02 1.693223898345554606e-19
3.055799999999967440e+02 1.707808566841624629e-19
3.055899999999967349e+02 1.707640330581152227e-19
3.055999999999967258e+02 1.761218979735869848e-19
3.056099999999967167e+02 1.717287862108787243e-19
3.056199999999967076e+02 1.784265296097245144e-19
3.056299999999966985e+02 1.778439750286790139e-19
3.056399999999966894e+02 1.721953268304409574e-19
3.056499999999966803e+02 1.723198621273168212e-19
3.056599999999966712e+02 1.628579115732016163e-19
3.056699999999966622e+02 1.632394095057919363e-19
3.056799999999966531e+02 1.749123639503977654e-19
3.056899999999966440e+02 1.722721564388287699e-19
3.056999999999966349e+02 1.733960683063383733e-19
3.057099999999966258e+02 1.649463024748185363e-19
3.057199999999966167e+02 1.713314110117784993e-19
3.057299999999966076e+02 1.691151558378111694e-19
3.057399999999965985e+02 1.735023666313649243e-19
3.057499999999965894e+02 1.722457601425823723e-19
3.057599999999965803e+02 1.691028511375965656e-19
3.057699999999965712e+02 1.673608692494559665e-19
3.057799999999965621e+02 1.712313474161981831e-19
3.057899999999965530e+02 1.649444347141231787e-19
3.057999999999965439e+02 1.691333979011829520e-19
3.058099999999965348e+02 1.685354754649899818e-19
3.058199999999965257e+02 1.706794447329642727e-19
3.058299999999965166e+02 1.709910806522845426e-19
3.058399999999965075e+02 1.712338185027679995e-19
3.058499999999964984e+02 1.769531713096180036e-19
3.058599999999964894e+02 1.716646542225574538e-19
3.058699999999964803e+02 1.766450702316404346e-19
3.058799999999964712e+02 1.710545123982508043e-19
3.058899999999964621e+02 1.748447426614160908e-19
3.058999999999964530e+02 1.655098973879221784e-19
3.059099999999964439e+02 1.695838082802627469e-19
3.059199999999964348e+02 1.711999999996752661e-19
3.059299999999964257e+02 1.656327308405733905e-19
3.059399999999964166e+02 1.644424689696634684e-19
3.059499999999964075e+02 1.689768195803430849e-19
3.059599999999963984e+02 1.674514922398253294e-19
3.059699999999963893e+02 1.631455320002309539e-19
3.059799999999963802e+02 1.679564702597442695e-19
3.059899999999963711e+02 1.653963367901713671e-19
3.059999999999963620e+02 1.650661882759313512e-19
3.060099999999963529e+02 1.662311321056829004e-19
3.060199999999963438e+02 1.530386991180101408e-19
3.060299999999963347e+02 1.702162858939679249e-19
3.060399999999963256e+02 1.683601816829285521e-19
3.060499999999963165e+02 1.682757762228271638e-19
3.060599999999963075e+02 1.780907655723295440e-19
3.060699999999962984e+02 1.716075113098212203e-19
3.060799999999962893e+02 1.654426988368822428e-19
3.060899999999962802e+02 1.653825003683909399e-19
3.060999999999962711e+02 1.757496815833748049e-19
3.061099999999962620e+02 1.672603134934187036e-19
3.061199999999962529e+02 1.646124111234529706e-19
3.061299999999962438e+02 1.630289224012892529e-19
3.061399999999962347e+02 1.683758848003853721e-19
3.061499999999962256e+02 1.689987314563165254e-19
3.061599999999962165e+02 1.617606422420156027e-19
3.061699999999962074e+02 1.720896918548432508e-19
3.061799999999961983e+02 1.774243499904202570e-19
3.061899999999961892e+02 1.700611226991694931e-19
3.061999999999961801e+02 1.606750308405320533e-19
3.062099999999961710e+02 1.651551299235204424e-19
3.062199999999961619e+02 1.660528081257017124e-19
3.062299999999961528e+02 1.685235081276202278e-19
3.062399999999961437e+02 1.716102156407519372e-19
3.062499999999961346e+02 1.732923503022416102e-19
3.062599999999961256e+02 1.640799814578847011e-19
3.062699999999961165e+02 1.748684977338694078e-19
3.062799999999961074e+02 1.690081465101463915e-19
3.062899999999960983e+02 1.670387336552241473e-19
3.062999999999960892e+02 1.757609066839959675e-19
3.063099999999960801e+02 1.652834105681659372e-19
3.063199999999960710e+02 1.684142257162066655e-19
3.063299999999960619e+02 1.708975623250447947e-19
3.063399999999960528e+02 1.711723705433065133e-19
3.063499999999960437e+02 1.693514215115712344e-19
3.063599999999960346e+02 1.768198958202508285e-19
3.063699999999960255e+02 1.737626216899470705e-19
3.063799999999960164e+02 1.655283158255110369e-19
3.063899999999960073e+02 1.682999715040843877e-19
3.063999999999959982e+02 1.745703184662850936e-19
3.064099999999959891e+02 1.685977886921709917e-19
3.064199999999959800e+02 1.730226765287724796e-19
3.064299999999959709e+02 1.745111882221966401e-19
3.064399999999959618e+02 1.745436763440953754e-19
3.064499999999959527e+02 1.729344104800125431e-19
3.064599999999959437e+02 1.701687427307689203e-19
3.064699999999959346e+02 1.767930006477689567e-19
3.064799999999959255e+02 1.704160886714228277e-19
3.064899999999959164e+02 1.776502651394243251e-19
3.064999999999959073e+02 1.804294017936024125e-19
3.065099999999958982e+02 1.644014157715608564e-19
3.065199999999958891e+02 1.716033063802989441e-19
3.065299999999958800e+02 1.706448404416666684e-19
3.065399999999958709e+02 1.707409888521560725e-19
3.065499999999958618e+02 1.755459979825951287e-19
3.065599999999958527e+02 1.754161289297722262e-19
3.065699999999958436e+02 1.703698827936728843e-19
3.065799999999958345e+02 1.701089982689663914e-19
3.065899999999958254e+02 1.776963252782362094e-19
3.065999999999958163e+02 1.795920376033182532e-19
3.066099999999958072e+02 1.760328110692173350e-19
3.066199999999957981e+02 1.808813051978713407e-19
3.066299999999957890e+02 1.693219048570933696e-19
3.066399999999957799e+02 1.780547960382555232e-19
3.066499999999957708e+02 1.775999935784551047e-19
3.066599999999957618e+02 1.712408051447154105e-19
3.066699999999957527e+02 1.771594118522405613e-19
3.066799999999957436e+02 1.831668601540609714e-19
3.066899999999957345e+02 1.807174169449486737e-19
3.066999999999957254e+02 1.803158173151894629e-19
3.067099999999957163e+02 1.839973965577596332e-19
3.067199999999957072e+02 1.769286098528482992e-19
3.067299999999956981e+02 1.706938730300024577e-19
3.067399999999956890e+02 1.739439038452491432e-19
3.067499999999956799e+02 1.772319521612513522e-19
3.067599999999956708e+02 1.775072118433257854e-19
3.067699999999956617e+02 1.821376243132260960e-19
3.067799999999956526e+02 1.688388888219813428e-19
3.067899999999956435e+02 1.775106468378358851e-19
3.067999999999956344e+02 1.804274826179271533e-19
3.068099999999956253e+02 1.716637392246461122e-19
3.068199999999956162e+02 1.775754575774557176e-19
3.068299999999956071e+02 1.800714219773976718e-19
3.068399999999955980e+02 1.897008074372430541e-19
3.068499999999955890e+02 1.805281776554797703e-19
3.068599999999955799e+02 1.802636876799226142e-19
3.068699999999955708e+02 1.871669525849005671e-19
3.068799999999955617e+02 1.807861441960930155e-19
3.068899999999955526e+02 1.767631101524382844e-19
3.068999999999955435e+02 1.802860313025748516e-19
3.069099999999955344e+02 1.804364594732658478e-19
3.069199999999955253e+02 1.845248771850513718e-19
3.069299999999955162e+02 1.793727765513853028e-19
3.069399999999955071e+02 1.818887960334000556e-19
3.069499999999954980e+02 1.863629899856425541e-19
3.069599999999954889e+02 1.866129544971435618e-19
3.069699999999954798e+02 1.751717964622232956e-19
3.069799999999954707e+02 1.816602840801128625e-19
3.069899999999954616e+02 1.805701180088320967e-19
3.069999999999954525e+02 1.894794146323859993e-19
3.070099999999954434e+02 1.929301034482520385e-19
3.070199999999954343e+02 1.811607651298775120e-19
3.070299999999954252e+02 1.793807355995221973e-19
3.070399999999954161e+02 1.853159706599105334e-19
3.070499999999954071e+02 1.786850088199076339e-19
3.070599999999953980e+02 1.839365791730321384e-19
3.070699999999953889e+02 1.798536537197055802e-19
3.070799999999953798e+02 1.863986153308241030e-19
3.070899999999953707e+02 1.937926977164213665e-19
3.070999999999953616e+02 1.844693880559930708e-19
3.071099999999953525e+02 1.858050377940785550e-19
3.071199999999953434e+02 1.846714880041304952e-19
3.071299999999953343e+02 1.833212244403999309e-19
3.071399999999953252e+02 1.872786219567019734e-19
3.071499999999953161e+02 1.826660108633469615e-19
3.071599999999953070e+02 1.820065834691334015e-19
3.071699999999952979e+02 1.927778737254344293e-19
3.071799999999952888e+02 1.808972368713183530e-19
3.071899999999952797e+02 1.886998238806723425e-19
3.071999999999952706e+02 1.828721075808913128e-19
3.072099999999952615e+02 1.829863225935239100e-19
3.072199999999952524e+02 1.828825741826564920e-19
3.072299999999952433e+02 1.815202350189701612e-19
3.072399999999952342e+02 1.813767457443229800e-19
3.072499999999952252e+02 1.894611892288652868e-19
3.072599999999952161e+02 1.841471090590292985e-19
3.072699999999952070e+02 1.817560243873135906e-19
3.072799999999951979e+02 1.875733842454922426e-19
3.072899999999951888e+02 1.920626584825085532e-19
3.072999999999951797e+02 1.885142802758000031e-19
3.073099999999951706e+02 1.935457307075975057e-19
3.073199999999951615e+02 1.816746549996452216e-19
3.073299999999951524e+02 1.966189117465860951e-19
3.073399999999951433e+02 1.910677148014160369e-19
3.073499999999951342e+02 1.886913959306062857e-19
3.073599999999951251e+02 1.920365374145763892e-19
3.073699999999951160e+02 1.776489690388128369e-19
3.073799999999951069e+02 1.923105288323626538e-19
3.073899999999950978e+02 1.830676346563726502e-19
3.073999999999950887e+02 1.934990172951378668e-19
3.074099999999950796e+02 1.830432205070850850e-19
3.074199999999950705e+02 1.920327323395858724e-19
3.074299999999950614e+02 1.852850950418645463e-19
3.074399999999950523e+02 1.945749964646462181e-19
3.074499999999950433e+02 1.848506267756192066e-19
3.074599999999950342e+02 1.792367052729723053e-19
3.074699999999950251e+02 1.868049748263584910e-19
3.074799999999950160e+02 1.872402359116173676e-19
3.074899999999950069e+02 1.913079007026493330e-19
3.074999999999949978e+02 1.889203873922777659e-19
3.075099999999949887e+02 1.853802350439229314e-19
3.075199999999949796e+02 1.842765053332862779e-19
3.075299999999949705e+02 1.861469649984982302e-19
3.075399999999949614e+02 1.832063433680897528e-19
3.075499999999949523e+02 1.854751711163518386e-19
3.075599999999949432e+02 1.823270603743144458e-19
3.075699999999949341e+02 1.842884590399988192e-19
3.075799999999949250e+02 1.921198672193833976e-19
3.075899999999949159e+02 1.877769825481575069e-19
3.075999999999949068e+02 1.870475134969458341e-19
3.076099999999948977e+02 1.930234208943396118e-19
3.076199999999948886e+02 1.890526949881813066e-19
3.076299999999948795e+02 1.907584299607935179e-19
3.076399999999948704e+02 1.822172371194151853e-19
3.076499999999948614e+02 1.847199063882639798e-19
3.076599999999948523e+02 1.800670947738201851e-19
3.076699999999948432e+02 1.887500569960157996e-19
3.076799999999948341e+02 1.882947451205126700e-19
3.076899999999948250e+02 1.806571325279518666e-19
3.076999999999948159e+02 1.795578465481881550e-19
3.077099999999948068e+02 1.833968452367331499e-19
3.077199999999947977e+02 1.938811744521964486e-19
3.077299999999947886e+02 1.846908913715779179e-19
3.077399999999947795e+02 1.859177975873158898e-19
3.077499999999947704e+02 1.864207306837613343e-19
3.077599999999947613e+02 1.857727569361416213e-19
3.077699999999947522e+02 1.803059358011920182e-19
3.077799999999947431e+02 1.822711473890033946e-19
3.077899999999947340e+02 1.838295103317691315e-19
3.077999999999947249e+02 1.904210909401001769e-19
3.078099999999947158e+02 1.849935942349356549e-19
3.078199999999947067e+02 1.790920470844582005e-19
3.078299999999946976e+02 1.798355794500128499e-19
3.078399999999946886e+02 1.828095764976298545e-19
3.078499999999946795e+02 1.834135655564330279e-19
3.078599999999946704e+02 1.806332987850638405e-19
3.078699999999946613e+02 1.775734453453951699e-19
3.078799999999946522e+02 1.827353886537848045e-19
3.078899999999946431e+02 1.863618017427676820e-19
3.078999999999946340e+02 1.794244461366468589e-19
3.079099999999946249e+02 1.795165751695478899e-19
3.079199999999946158e+02 1.771236712651994024e-19
3.079299999999946067e+02 1.751979305448365278e-19
3.079399999999945976e+02 1.802318770245716732e-19
3.079499999999945885e+02 1.901564979597437823e-19
3.079599999999945794e+02 1.784012972400226028e-19
3.079699999999945703e+02 1.828579709964073485e-19
3.079799999999945612e+02 1.778872255252551802e-19
3.079899999999945521e+02 1.804732241330206333e-19
3.079999999999945430e+02 1.839602176366707302e-19
3.080099999999945339e+02 1.884941961852143578e-19
3.080199999999945248e+02 1.817790871399793571e-19
3.080299999999945157e+02 1.830445422061976067e-19
3.080399999999945067e+02 1.716765721543010968e-19
3.080499999999944976e+02 1.831527545753138970e-19
3.080599999999944885e+02 1.758801165625375448e-19
3.080699999999944794e+02 1.788109656172163925e-19
3.080799999999944703e+02 1.822133762897634342e-19
3.080899999999944612e+02 1.757749999771762951e-19
3.080999999999944521e+02 1.860648154267673462e-19
3.081099999999944430e+02 1.848860279715937746e-19
3.081199999999944339e+02 1.775302425910126808e-19
3.081299999999944248e+02 1.818432319905652129e-19
3.081399999999944157e+02 1.883060631767392998e-19
3.081499999999944066e+02 1.739251335716405235e-19
3.081599999999943975e+02 1.800156775720261875e-19
3.081699999999943884e+02 1.782482342432823675e-19
3.081799999999943793e+02 1.794589299054971870e-19
3.081899999999943702e+02 1.826719581033890522e-19
3.081999999999943611e+02 1.805980714377729511e-19
3.082099999999943520e+02 1.772597353121147558e-19
3.082199999999943429e+02 1.751924920114117038e-19
3.082299999999943338e+02 1.816732590820574278e-19
3.082399999999943248e+02 1.868004861425689288e-19
3.082499999999943157e+02 1.806801901562317688e-19
3.082599999999943066e+02 1.781042883254818577e-19
3.082699999999942975e+02 1.819697020492866436e-19
3.082799999999942884e+02 1.776680510991381028e-19
3.082899999999942793e+02 1.786980364838494473e-19
3.082999999999942702e+02 1.831610330844224131e-19
3.083099999999942611e+02 1.755281921280466199e-19
3.083199999999942520e+02 1.816035236653029533e-19
3.083299999999942429e+02 1.854314440305585260e-19
3.083399999999942338e+02 1.817004524016810034e-19
3.083499999999942247e+02 1.796818123197930370e-19
3.083599999999942156e+02 1.841982527298761652e-19
3.083699999999942065e+02 1.787659236843130956e-19
3.083799999999941974e+02 1.760179836287810375e-19
3.083899999999941883e+02 1.825968791240931239e-19
3.083999999999941792e+02 1.736075100107993541e-19
3.084099999999941701e+02 1.722733068001188668e-19
3.084199999999941610e+02 1.766868932529314213e-19
3.084299999999941519e+02 1.840251970536832681e-19
3.084399999999941429e+02 1.868092406439652919e-19
3.084499999999941338e+02 1.755124138760237294e-19
3.084599999999941247e+02 1.758593997164587116e-19
3.084699999999941156e+02 1.811618144163638085e-19
3.084799999999941065e+02 1.812815344696644417e-19
3.084899999999940974e+02 1.704010294376387034e-19
3.084999999999940883e+02 1.800563072333769215e-19
3.085099999999940792e+02 1.774610426590504143e-19
3.085199999999940701e+02 1.790626124746964521e-19
3.085299999999940610e+02 1.894559124543704958e-19
3.085399999999940519e+02 1.763536952414284845e-19
3.085499999999940428e+02 1.818681466403300338e-19
3.085599999999940337e+02 1.751565439800565263e-19
3.085699999999940246e+02 1.852843523250245199e-19
3.085799999999940155e+02 1.848441498930715349e-19
3.085899999999940064e+02 1.888854417381935344e-19
3.085999999999939973e+02 1.734400968444083266e-19
3.086099999999939882e+02 1.837323000448099841e-19
3.086199999999939791e+02 1.794651943559232367e-19
3.086299999999939701e+02 1.873539092504773064e-19
3.086399999999939610e+02 1.789094593429083274e-19
3.086499999999939519e+02 1.904134517405774405e-19
3.086599999999939428e+02 1.850634343696316183e-19
3.086699999999939337e+02 1.916898607590217189e-19
3.086799999999939246e+02 1.910647971642706908e-19
3.086899999999939155e+02 1.847857526349373838e-19
3.086999999999939064e+02 1.851806614775556841e-19
3.087099999999938973e+02 1.753245422038852619e-19
3.087199999999938882e+02 1.775213171890684866e-19
3.087299999999938791e+02 1.869309546787808412e-19
3.087399999999938700e+02 1.754835614990319363e-19
3.087499999999938609e+02 1.825032543859613510e-19
3.087599999999938518e+02 1.878367236322783753e-19
3.087699999999938427e+02 1.921983588894345258e-19
3.087799999999938336e+02 1.900793575757414462e-19
3.087899999999938245e+02 1.939325111428544760e-19
3.087999999999938154e+02 1.963323136075888160e-19
3.088099999999938063e+02 1.883546849032600055e-19
3.088199999999937972e+02 1.887771311718073236e-19
3.088299999999937882e+02 1.896157064177150243e-19
3.088399999999937791e+02 1.935633943954548108e-19
3.088499999999937700e+02 1.881127286491589529e-19
3.088599999999937609e+02 1.914209516736133929e-19
3.088699999999937518e+02 1.943317048799688756e-19
3.088799999999937427e+02 1.931590889903985787e-19
3.088899999999937336e+02 1.929356102925305971e-19
3.088999999999937245e+02 1.989018623388487293e-19
3.089099999999937154e+02 1.938444945626894439e-19
3.089199999999937063e+02 1.957585539255890889e-19
3.089299999999936972e+02 1.858954423331676073e-19
3.089399999999936881e+02 1.982281553562478305e-19
3.089499999999936790e+02 2.000109450937865166e-19
3.089599999999936699e+02 1.970483117926528747e-19
3.089699999999936608e+02 2.044447324832360459e-19
3.089799999999936517e+02 1.922400275166618703e-19
3.089899999999936426e+02 2.019985402392937921e-19
3.089999999999936335e+02 2.023411920781171108e-19
3.090099999999936244e+02 2.105482015785465477e-19
3.090199999999936153e+02 2.018578404800225359e-19
3.090299999999936063e+02 1.958775090195651274e-19
3.090399999999935972e+02 2.037559399571563256e-19
3.090499999999935881e+02 2.049960145504422530e-19
3.090599999999935790e+02 2.049298275950377809e-19
3.090699999999935699e+02 2.046183345970067966e-19
3.090799999999935608e+02 2.068683371630713921e-19
3.090899999999935517e+02 1.979340332153836495e-19
3.090999999999935426e+02 2.051283510688932407e-19
3.091099999999935335e+02 2.109249946369688789e-19
3.091199999999935244e+02 2.028125720255090783e-19
3.091299999999935153e+02 2.132123129086645751e-19
3.091399999999935062e+02 2.042616596856332604e-19
3.091499999999934971e+02 2.089401874632360947e-19
3.091599999999934880e+02 2.030717659452003368e-19
3.091699999999934789e+02 2.015427932068271964e-19
3.091799999999934698e+02 2.112164318127402109e-19
3.091899999999934607e+02 1.993878243783156461e-19
3.091999999999934516e+02 2.132062765911061942e-19
3.092099999999934425e+02 2.057611493274554512e-19
3.092199999999934334e+02 2.108556274697934865e-19
3.092299999999934244e+02 2.037434914146919721e-19
3.092399999999934153e+02 2.060450494735810211e-19
3.092499999999934062e+02 2.079875732877980413e-19
3.092599999999933971e+02 2.105885254334062651e-19
3.092699999999933880e+02 2.174017764788961000e-19
3.092799999999933789e+02 2.043264311823076198e-19
3.092899999999933698e+02 2.096449786779915364e-19
3.092999999999933607e+02 2.003496702945845101e-19
3.093099999999933516e+02 2.140574109809190021e-19
3.093199999999933425e+02 2.085378022431480740e-19
3.093299999999933334e+02 2.079454295115382036e-19
3.093399999999933243e+02 2.120164791676245400e-19
3.093499999999933152e+02 2.172889466924057018e-19
3.093599999999933061e+02 2.042814638441411373e-19
3.093699999999932970e+02 2.072155368444643359e-19
3.093799999999932879e+02 2.124383768510811736e-19
3.093899999999932788e+02 2.105264375985313260e-19
3.093999999999932697e+02 2.128872182817068062e-19
3.094099999999932606e+02 2.145444938215453199e-19
3.094199999999932515e+02 2.087910154472875376e-19
3.094299999999932425e+02 2.093887223668318814e-19
3.094399999999932334e+02 2.140985687012597076e-19
3.094499999999932243e+02 2.020950610094417781e-19
3.094599999999932152e+02 2.182146265095945018e-19
3.094699999999932061e+02 2.104690200662426865e-19
3.094799999999931970e+02 2.097058390387395341e-19
3.094899999999931879e+02 2.136933086262059430e-19
3.094999999999931788e+02 2.073620938479304245e-19
3.095099999999931697e+02 2.182409131948135678e-19
3.095199999999931606e+02 2.110343636608521492e-19
3.095299999999931515e+02 2.141265863138068166e-19
3.095399999999931424e+02 2.111405509084216348e-19
3.095499999999931333e+02 2.130481208823995948e-19
3.095599999999931242e+02 2.184338395426183272e-19
3.095699999999931151e+02 2.067351688727707217e-19
3.095799999999931060e+02 2.141589146400634487e-19
3.095899999999930969e+02 2.152148429982478586e-19
3.095999999999930878e+02 1.997290029018060934e-19
3.096099999999930787e+02 2.031540622967443534e-19
3.096199999999930697e+02 2.042954385413032619e-19
3.096299999999930606e+02 2.040241631280156749e-19
3.096399999999930515e+02 2.134286527667638769e-19
3.096499999999930424e+02 2.147382189586991383e-19
3.096599999999930333e+02 2.165057899438578232e-19
3.096699999999930242e+02 2.152997916637401788e-19
3.096799999999930151e+02 2.175279707587321428e-19
3.096899999999930060e+02 2.050910271106107282e-19
3.096999999999929969e+02 2.019360661926960095e-19
3.097099999999929878e+02 2.128571368879862198e-19
3.097199999999929787e+02 2.075178315420324683e-19
3.097299999999929696e+02 2.067931837891778947e-19
3.097399999999929605e+02 2.049694294889972441e-19
3.097499999999929514e+02 2.069615550567067784e-19
3.097599999999929423e+02 2.046641172805971287e-19
3.097699999999929332e+02 2.066946062738550212e-19
3.097799999999929241e+02 2.153895528353430031e-19
3.097899999999929150e+02 2.086625562954915703e-19
3.097999999999929059e+02 2.112876240370035467e-19
3.098099999999928968e+02 2.087508735817788715e-19
3.098199999999928878e+02 2.096553667714712966e-19
3.098299999999928787e+02 2.017671806368595369e-19
3.098399999999928696e+02 2.113485350616984772e-19
3.098499999999928605e+02 2.104263357597610190e-19
3.098599999999928514e+02 2.002999999914247056e-19
3.098699999999928423e+02 2.082658021177669480e-19
3.098799999999928332e+02 2.021626173501051193e-19
3.098899999999928241e+02 2.058958340388902595e-19
3.098999999999928150e+02 2.123094152274834522e-19
3.099099999999928059e+02 2.070260755381172266e-19
3.099199999999927968e+02 2.026403377760762843e-19
3.099299999999927877e+02 2.140358450401976885e-19
3.099399999999927786e+02 2.008773350530952301e-19
3.099499999999927695e+02 1.977364083217706368e-19
3.099599999999927604e+02 2.057406209995092083e-19
3.099699999999927513e+02 1.975680341564738847e-19
3.099799999999927422e+02 2.054134985676254858e-19
3.099899999999927331e+02 2.053558193476966950e-19
3.099999999999927240e+02 2.029628671043350091e-19
3.100099999999927149e+02 2.042804331608537010e-19
3.100199999999927059e+02 2.066162483411224235e-19
3.100299999999926968e+02 2.050538693458210735e-19
3.100399999999926877e+02 1.955830138980606558e-19
3.100499999999926786e+02 2.088114845368607869e-19
3.100599999999926695e+02 1.991406444912841511e-19
3.100699999999926604e+02 1.990168329692315041e-19
3.100799999999926513e+02 2.078836237255648441e-19
3.100899999999926422e+02 1.977693326205745461e-19
3.100999999999926331e+02 2.093456152814137078e-19
3.101099999999926240e+02 2.000486864823665549e-19
3.101199999999926149e+02 2.008231862020835436e-19
3.101299999999926058e+02 2.026409611136048493e-19
3.101399999999925967e+02 1.959166652428569801e-19
3.101499999999925876e+02 2.017919831748723028e-19
3.101599999999925785e+02 2.058741428119750950e-19
3.101699999999925694e+02 1.973267126690560644e-19
3.101799999999925603e+02 1.989757415515292560e-19
3.101899999999925512e+02 1.970047117834282227e-19
3.101999999999925421e+02 1.981282216912607577e-19
3.102099999999925330e+02 1.992192162956625022e-19
3.102199999999925240e+02 2.029412636327203483e-19
3.102299999999925149e+02 2.050620087767113800e-19
3.102399999999925058e+02 1.962325596636065893e-19
3.102499999999924967e+02 2.067213406427827293e-19
3.102599999999924876e+02 1.990873583776852942e-19
3.102699999999924785e+02 2.041135683450353484e-19
3.102799999999924694e+02 2.014978593123474592e-19
3.102899999999924603e+02 2.093810810174989687e-19
3.102999999999924512e+02 1.923370652918046377e-19
3.103099999999924421e+02 1.984565834604851740e-19
3.103199999999924330e+02 2.062991886512110454e-19
3.103299999999924239e+02 1.941703756983279351e-19
3.103399999999924148e+02 2.009252184700320811e-19
3.103499999999924057e+02 2.016887516023015461e-19
3.103599999999923966e+02 2.008746208234612224e-19
3.103699999999923875e+02 1.970024667252984638e-19
3.103799999999923784e+02 2.021017809832381571e-19
3.103899999999923693e+02 1.974705941148496773e-19
3.103999999999923602e+02 2.003777870365524752e-19
3.104099999999923511e+02 2.003641615407075663e-19
3.104199999999923421e+02 2.037434577759708033e-19
3.104299999999923330e+02 2.058549247439171984e-19
3.104399999999923239e+02 2.021251822325391335e-19
3.104499999999923148e+02 1.955139493217283298e-19
3.104599999999923057e+02 1.985183856171289682e-19
3.104699999999922966e+02 1.999778766389315585e-19
3.104799999999922875e+02 2.029622501974422802e-19
3.104899999999922784e+02 2.082219992444120135e-19
3.104999999999922693e+02 2.001123796095717657e-19
3.105099999999922602e+02 2.074696280054722289e-19
3.105199999999922511e+02 2.059696273462921056e-19
3.105299999999922420e+02 2.005241843303085659e-19
3.105399999999922329e+02 1.987295404625650164e-19
3.105499999999922238e+02 2.049702667913451884e-19
3.105599999999922147e+02 2.064143598948238376e-19
3.105699999999922056e+02 2.042412826947746126e-19
3.105799999999921965e+02 2.075424349981288082e-19
3.105899999999921874e+02 2.013562071068455679e-19
3.105999999999921783e+02 2.089815746696075664e-19
3.106099999999921693e+02 2.099808377507844856e-19
3.106199999999921602e+02 1.982418672572896298e-19
3.106299999999921511e+02 2.013778886508790290e-19
3.106399999999921420e+02 2.041494410419663959e-19
3.106499999999921329e+02 2.050842347062070483e-19
3.106599999999921238e+02 2.101099230101469977e-19
3.106699999999921147e+02 2.033432761146693566e-19
3.106799999999921056e+02 2.058700871900671553e-19
3.106899999999920965e+02 2.028978398323255845e-19
3.106999999999920874e+02 2.116548901566162133e-19
3.107099999999920783e+02 2.079170443466019023e-19
3.107199999999920692e+02 2.133759908790819756e-19
3.107299999999920601e+02 2.076707031663872598e-19
3.107399999999920510e+02 2.005526887494203064e-19
3.107499999999920419e+02 2.107770534044292568e-19
3.107599999999920328e+02 2.081799892600208665e-19
3.107699999999920237e+02 2.078615824672232912e-19
3.107799999999920146e+02 2.051491489762176493e-19
3.107899999999920055e+02 2.062897330927342273e-19
3.107999999999919964e+02 2.037654279435661880e-19
3.108099999999919874e+02 2.129573704534085288e-19
3.108199999999919783e+02 2.152391646296954942e-19
3.108299999999919692e+02 2.032584717888350758e-19
3.108399999999919601e+02 2.122655924121562180e-19
3.108499999999919510e+02 2.068913591247113572e-19
3.108599999999919419e+02 2.049871057026184880e-19
3.108699999999919328e+02 2.151941878418599950e-19
3.108799999999919237e+02 2.055306871641123548e-19
3.108899999999919146e+02 2.132561329851349724e-19
3.108999999999919055e+02 2.073897661395004253e-19
3.109099999999918964e+02 2.057047718265833270e-19
3.109199999999918873e+02 2.155042123928429080e-19
3.109299999999918782e+02 2.161116085887235381e-19
3.109399999999918691e+02 2.031436598751766050e-19
3.109499999999918600e+02 2.158166305231498386e-19
3.109599999999918509e+02 2.170848765987347194e-19
3.109699999999918418e+02 2.118204507337847199e-19
3.109799999999918327e+02 2.095002980055614874e-19
3.109899999999918236e+02 2.102531419832272879e-19
3.109999999999918145e+02 2.159214492217979649e-19
3.110099999999918055e+02 2.122713216374307180e-19
3.110199999999917964e+02 2.109344271854367105e-19
3.110299999999917873e+02 2.187907135170738502e-19
3.110399999999917782e+02 2.087343857443563001e-19
3.110499999999917691e+02 2.081178446357518676e-19
3.110599999999917600e+02 2.120366359897868437e-19
3.110699999999917509e+02 2.164599361237156552e-19
3.110799999999917418e+02 2.162141980957331703e-19
3.110899999999917327e+02 2.069337942032367354e-19
3.110999999999917236e+02 2.044499205113030411e-19
3.111099999999917145e+02 2.146353216410421097e-19
3.111199999999917054e+02 2.205159284459677631e-19
3.111299999999916963e+02 2.104283227260512681e-19
3.111399999999916872e+02 2.168357427526364969e-19
3.111499999999916781e+02 2.145191802614795894e-19
3.111599999999916690e+02 2.074459693437283029e-19
3.111699999999916599e+02 2.153594577449368866e-19
3.111799999999916508e+02 2.120582022030983113e-19
3.111899999999916417e+02 2.106245815517093610e-19
3.111999999999916326e+02 2.169895442530100899e-19
3.112099999999916236e+02 2.128632729570791791e-19
3.112199999999916145e+02 2.173826716302127195e-19
3.112299999999916054e+02 2.159506483506027183e-19
3.112399999999915963e+02 2.140239709561450246e-19
3.112499999999915872e+02 2.057357612258432395e-19
3.112599999999915781e+02 2.130124394659690771e-19
3.112699999999915690e+02 2.195108151025592904e-19
3.112799999999915599e+02 2.229577569324864344e-19
3.112899999999915508e+02 2.151241088715638075e-19
3.112999999999915417e+02 2.186886614112217449e-19
3.113099999999915326e+02 2.236510058428330646e-19
3.113199999999915235e+02 2.265740448050539199e-19
3.113299999999915144e+02 2.216016142521039933e-19
3.113399999999915053e+02 2.182235584178423455e-19
3.113499999999914962e+02 2.126904603162811190e-19
3.113599999999914871e+02 2.181223466438977039e-19
3.113699999999914780e+02 2.258655008817887372e-19
3.113799999999914689e+02 2.235519813413424876e-19
3.113899999999914598e+02 2.274538448892087883e-19
3.113999999999914507e+02 2.208222505081514947e-19
3.114099999999914417e+02 2.170741249870048860e-19
3.114199999999914326e+02 2.133805232055133298e-19
3.114299999999914235e+02 2.191712098735527328e-19
3.114399999999914144e+02 2.201545660556199184e-19
3.114499999999914053e+02 2.146136520792761681e-19
3.114599999999913962e+02 2.219999999973411606e-19
3.114699999999913871e+02 2.113823030348974520e-19
3.114799999999913780e+02 2.245039377787086825e-19
3.114899999999913689e+02 2.142278664430376726e-19
3.114999999999913598e+02 2.219726789780603447e-19
3.115099999999913507e+02 2.170477083355514375e-19
3.115199999999913416e+02 2.170884692908344280e-19
3.115299999999913325e+02 2.163838634463386177e-19
3.115399999999913234e+02 2.248999110094108498e-19
3.115499999999913143e+02 2.158795177787297354e-19
3.115599999999913052e+02 2.212000000006281187e-19
3.115699999999912961e+02 2.238068518658418667e-19
3.115799999999912870e+02 2.297993881148058943e-19
3.115899999999912779e+02 2.266555906958741395e-19
3.115999999999912689e+02 2.267033604472709695e-19
3.116099999999912598e+02 2.243858414644230656e-19
3.116199999999912507e+02 2.273449623186701921e-19
3.116299999999912416e+02 2.283665880644276020e-19
3.116399999999912325e+02 2.160674042214445181e-19
3.116499999999912234e+02 2.211636040635801691e-19
3.116599999999912143e+02 2.157685556226592804e-19
3.116699999999912052e+02 2.217111359110900356e-19
3.116799999999911961e+02 2.219101089928929951e-19
3.116899999999911870e+02 2.227179787763282335e-19
3.116999999999911779e+02 2.238148500415572511e-19
3.117099999999911688e+02 2.260701304244754717e-19
3.117199999999911597e+02 2.276710105480720770e-19
3.117299999999911506e+02 2.222884329490988253e-19
3.117399999999911415e+02 2.276514305771923519e-19
3.117499999999911324e+02 2.274803778312161479e-19
3.117599999999911233e+02 2.236649478405139671e-19
3.117699999999911142e+02 2.196510284059774210e-19
3.117799999999911051e+02 2.222788196229566187e-19
3.117899999999910960e+02 2.181396814056033160e-19
3.117999999999910870e+02 2.227582060001690021e-19
3.118099999999910779e+02 2.195551716408180621e-19
3.118199999999910688e+02 2.210981911997543629e-19
3.118299999999910597e+02 2.212336068683503332e-19
3.118399999999910506e+02 2.106366161171978330e-19
3.118499999999910415e+02 2.211226199404467898e-19
3.118599999999910324e+02 2.150347273682584794e-19
3.118699999999910233e+02 2.181612417268718287e-19
3.118799999999910142e+02 2.123452593481493289e-19
3.118899999999910051e+02 2.221023548338073998e-19
3.118999999999909960e+02 2.260504922894409943e-19
3.119099999999909869e+02 2.198919344586753052e-19
3.119199999999909778e+02 2.169850725186199260e-19
3.119299999999909687e+02 2.161514000961862973e-19
3.119399999999909596e+02 2.213264372632512832e-19
3.119499999999909505e+02 2.229978704360254584e-19
3.119599999999909414e+02 2.211458033366128109e-19
3.119699999999909323e+02 2.199584479571403090e-19
3.119799999999909232e+02 2.224999999929615162e-19
3.119899999999909141e+02 2.120775348503065259e-19
3.119999999999909051e+02 2.164079150883894229e-19
3.120099999999908960e+02 2.201777439393473637e-19
3.120199999999908869e+02 2.191879319752058345e-19
3.120299999999908778e+02 2.294775268944960963e-19
3.120399999999908687e+02 2.230294438726653100e-19
3.120499999999908596e+02 2.203826010771604839e-19
3.120599999999908505e+02 2.128024323640922843e-19
3.120699999999908414e+02 2.166892577845962641e-19
3.120799999999908323e+02 2.167977648518818693e-19
3.120899999999908232e+02 2.135511797146988748e-19
3.120999999999908141e+02 2.217789635823588407e-19
3.121099999999908050e+02 2.262220668734127563e-19
3.121199999999907959e+02 2.226294651032835575e-19
3.121299999999907868e+02 2.141275620929937138e-19
3.121399999999907777e+02 2.145458982308160723e-19
3.121499999999907686e+02 2.218207022591654774e-19
3.121599999999907595e+02 2.319189682174185269e-19
3.121699999999907504e+02 2.191442944532805787e-19
3.121799999999907413e+02 2.213108359386137395e-19
3.121899999999907322e+02 2.204248067533675428e-19
3.121999999999907232e+02 2.259547606700608933e-19
3.122099999999907141e+02 2.289963471317387506e-19
3.122199999999907050e+02 2.225462634538396051e-19
3.122299999999906959e+02 2.279089136644852955e-19
3.122399999999906868e+02 2.170003449004266216e-19
3.122499999999906777e+02 2.222853767163668378e-19
3.122599999999906686e+02 2.210226087481474374e-19
3.122699999999906595e+02 2.265967073441365186e-19
3.122799999999906504e+02 2.236872574642991694e-19
3.122899999999906413e+02 2.306829400173956965e-19
3.122999999999906322e+02 2.294722480552314564e-19
3.123099999999906231e+02 2.239631671540076187e-19
3.123199999999906140e+02 2.271999999872953456e-19
3.123299999999906049e+02 2.229727181521913630e-19
3.123399999999905958e+02 2.224902248293215905e-19
3.123499999999905867e+02 2.296121915769770604e-19
3.123599999999905776e+02 2.242319264189729270e-19
3.123699999999905685e+02 2.394364603396510512e-19
3.123799999999905594e+02 2.296783018699144259e-19
3.123899999999905504e+02 2.261064446236813713e-19
3.123999999999905413e+02 2.265043761954061221e-19
3.124099999999905322e+02 2.311525051239698406e-19
3.124199999999905231e+02 2.388579045217140190e-19
3.124299999999905140e+02 2.357656597974804220e-19
3.124399999999905049e+02 2.363077983611754928e-19
3.124499999999904958e+02 2.354737051739636699e-19
3.124599999999904867e+02 2.391474330427375567e-19
3.124699999999904776e+02 2.307741318529583037e-19
3.124799999999904685e+02 2.440469500060370871e-19
3.124899999999904594e+02 2.446101572775694097e-19
3.124999999999904503e+02 2.267243443080038947e-19
3.125099999999904412e+02 2.422476828781256089e-19
3.125199999999904321e+02 2.301963665183138443e-19
3.125299999999904230e+02 2.329999999981141607e-19
3.125399999999904139e+02 2.322557604319359878e-19
3.125499999999904048e+02 2.334534477370490314e-19
3.125599999999903957e+02 2.445356719105346300e-19
3.125699999999903866e+02 2.398040009220334133e-19
3.125799999999903775e+02 2.358509076309883760e-19
3.125899999999903685e+02 2.312535910590271744e-19
3.125999999999903594e+02 2.381989472793479717e-19
3.126099999999903503e+02 2.353553758329026750e-19
3.126199999999903412e+02 2.360204331946267259e-19
3.126299999999903321e+02 2.382343817159182871e-19
3.126399999999903230e+02 2.416438122573066994e-19
3.126499999999903139e+02 2.370888880383003252e-19
3.126599999999903048e+02 2.300334558742198754e-19
3.126699999999902957e+02 2.385225852292237200e-19
3.126799999999902866e+02 2.327334439300863399e-19
3.126899999999902775e+02 2.388158421566159978e-19
3.126999999999902684e+02 2.356311862799803022e-19
3.127099999999902593e+02 2.277814500925097024e-19
3.127199999999902502e+02 2.375479925045391676e-19
3.127299999999902411e+02 2.363745399796427366e-19
3.127399999999902320e+02 2.298514539674448140e-19
3.127499999999902229e+02 2.377817047998647528e-19
3.127599999999902138e+02 2.417440528669205765e-19
3.127699999999902047e+02 2.284628554245746099e-19
3.127799999999901956e+02 2.414070745072279006e-19
3.127899999999901866e+02 2.335811006199649041e-19
3.127999999999901775e+02 2.369809307202914650e-19
3.128099999999901684e+02 2.384834645303155651e-19
3.128199999999901593e+02 2.280782434066786853e-19
3.128299999999901502e+02 2.334757261585043374e-19
3.128399999999901411e+02 2.352775028455478847e-19
3.128499999999901320e+02 2.355356115026854937e-19
3.128599999999901229e+02 2.367919868180183513e-19
3.128699999999901138e+02 2.329122597472813039e-19
3.128799999999901047e+02 2.396938697083901585e-19
3.128899999999900956e+02 2.332566005998017757e-19
3.128999999999900865e+02 2.316706252340426467e-19
3.129099999999900774e+02 2.355182527342728025e-19
3.129199999999900683e+02 2.467182105268399861e-19
3.129299999999900592e+02 2.331203985100221267e-19
3.129399999999900501e+02 2.439318016135745147e-19
3.129499999999900410e+02 2.326610762615370437e-19
3.129599999999900319e+02 2.290936515248623398e-19
3.129699999999900228e+02 2.247367433585763463e-19
3.129799999999900137e+02 2.306579339703397433e-19
3.129899999999900047e+02 2.306499751317110211e-19
3.129999999999899956e+02 2.256612450685876465e-19
3.130099999999899865e+02 2.387322947565210982e-19
3.130199999999899774e+02 2.247961550669675338e-19
3.130299999999899683e+02 2.413684689524662814e-19
3.130399999999899592e+02 2.296709251088675223e-19
3.130499999999899501e+02 2.330870795328743971e-19
3.130599999999899410e+02 2.346486767678598231e-19
3.130699999999899319e+02 2.355217857382483161e-19
3.130799999999899228e+02 2.276538742175236812e-19
3.130899999999899137e+02 2.350396745142765946e-19
3.130999999999899046e+02 2.289183727408194406e-19
3.131099999999898955e+02 2.308128788769556029e-19
3.131199999999898864e+02 2.380589268420551387e-19
3.131299999999898773e+02 2.244825060431687867e-19
3.131399999999898682e+02 2.340783581885008291e-19
3.131499999999898591e+02 2.311202953143995644e-19
3.131599999999898500e+02 2.319866679079675553e-19
3.131699999999898409e+02 2.328488648616413033e-19
3.131799999999898318e+02 2.245918391581046866e-19
3.131899999999898228e+02 2.328484629866664894e-19
3.131999999999898137e+02 2.283906968932532276e-19
3.132099999999898046e+02 2.264625750017824401e-19
3.132199999999897955e+02 2.340100306186719131e-19
3.132299999999897864e+02 2.307200522337231400e-19
3.132399999999897773e+02 2.244030175182266738e-19
3.132499999999897682e+02 2.268704450022316921e-19
3.132599999999897591e+02 2.306829098208228653e-19
3.132699999999897500e+02 2.313923022228631508e-19
3.132799999999897409e+02 2.285621375792310591e-19
3.132899999999897318e+02 2.325221530859645965e-19
3.132999999999897227e+02 2.326462306645529180e-19
3.133099999999897136e+02 2.377658324455417267e-19
3.133199999999897045e+02 2.306414908711907297e-19
3.133299999999896954e+02 2.244606962509321184e-19
3.133399999999896863e+02 2.287662820334510469e-19
3.133499999999896772e+02 2.270303920248298184e-19
3.133599999999896681e+02 2.308692831323058337e-19
3.133699999999896590e+02 2.274480236986051892e-19
3.133799999999896500e+02 2.222087683257939528e-19
3.133899999999896409e+02 2.410592611917452307e-19
3.133999999999896318e+02 2.287614934927890506e-19
3.134099999999896227e+02 2.262007826247430963e-19
3.134199999999896136e+02 2.215370631945804682e-19
3.134299999999896045e+02 2.213584699522983966e-19
3.134399999999895954e+02 2.305151254982611189e-19
3.134499999999895863e+02 2.241071010195933371e-19
3.134599999999895772e+02 2.244563641494515326e-19
3.134699999999895681e+02 2.231627587099401532e-19
3.134799999999895590e+02 2.255302206057357241e-19
3.134899999999895499e+02 2.331635084302229651e-19
3.134999999999895408e+02 2.277046895285432255e-19
3.135099999999895317e+02 2.314346963936584267e-19
3.135199999999895226e+02 2.249436504196816034e-19
3.135299999999895135e+02 2.215923594806696497e-19
3.135399999999895044e+02 2.312771683055162734e-19
3.135499999999894953e+02 2.296417828339217484e-19
3.135599999999894862e+02 2.227250183723468853e-19
3.135699999999894771e+02 2.196088185445472148e-19
3.135799999999894681e+02 2.207213889821456358e-19
3.135899999999894590e+02 2.255312303404600363e-19
3.135999999999894499e+02 2.294681934983972983e-19
3.136099999999894408e+02 2.325067752073373850e-19
3.136199999999894317e+02 2.139204855742143584e-19
3.136299999999894226e+02 2.190910419517985999e-19
3.136399999999894135e+02 2.249599295127252361e-19
3.136499999999894044e+02 2.233898704652447234e-19
3.136599999999893953e+02 2.159288508865713211e-19
3.136699999999893862e+02 2.314157469701661971e-19
3.136799999999893771e+02 2.186855364018799102e-19
3.136899999999893680e+02 2.341224748262378399e-19
3.136999999999893589e+02 2.303937110565904739e-19
3.137099999999893498e+02 2.227468314956411224e-19
3.137199999999893407e+02 2.233771430081741356e-19
3.137299999999893316e+02 2.219287911890854278e-19
3.137399999999893225e+02 2.168776135450075821e-19
3.137499999999893134e+02 2.282568471248340520e-19
3.137599999999893043e+02 2.390823327763467531e-19
3.137699999999892952e+02 2.099553112467450188e-19
3.137799999999892862e+02 2.262250986639068080e-19
3.137899999999892771e+02 2.189485151567178625e-19
3.137999999999892680e+02 2.272401311079619130e-19
3.138099999999892589e+02 2.247523030350644021e-19
3.138199999999892498e+02 2.220670746846174243e-19
3.138299999999892407e+02 2.226333713910130255e-19
3.138399999999892316e+02 2.193579497838235519e-19
3.138499999999892225e+02 2.254430225225209654e-19
3.138599999999892134e+02 2.217268577309707338e-19
3.138699999999892043e+02 2.179799024436118490e-19
3.138799999999891952e+02 2.131612750022059622e-19
3.138899999999891861e+02 2.220809556949636024e-19
3.138999999999891770e+02 2.321222339077936183e-19
3.139099999999891679e+02 2.219110950546433136e-19
3.139199999999891588e+02 2.296721652994662484e-19
3.139299999999891497e+02 2.128634749308166834e-19
3.139399999999891406e+02 2.301210534823882373e-19
3.139499999999891315e+02 2.256496374085172904e-19
3.139599999999891224e+02 2.253980015006359198e-19
3.139699999999891133e+02 2.216249637754515877e-19
3.139799999999891043e+02 2.311380183656253889e-19
3.139899999999890952e+02 2.264882097203067117e-19
3.139999999999890861e+02 2.207463136334935788e-19
3.140099999999890770e+02 2.212862132185401367e-19
3.140199999999890679e+02 2.224176016635740613e-19
3.140299999999890588e+02 2.215310129533727911e-19
3.140399999999890497e+02 2.323438323187280193e-19
3.140499999999890406e+02 2.215308132291890620e-19
3.140599999999890315e+02 2.280591054030375009e-19
3.140699999999890224e+02 2.385299325719114348e-19
3.140799999999890133e+02 2.294675560001727296e-19
3.140899999999890042e+02 2.259898781793573867e-19
3.140999999999889951e+02 2.275388829181811621e-19
3.141099999999889860e+02 2.238879453062519873e-19
3.141199999999889769e+02 2.235649025875465099e-19
3.141299999999889678e+02 2.266420002854549994e-19
3.141399999999889587e+02 2.223546670051800861e-19
3.141499999999889496e+02 2.293513976326576176e-19
3.141599999999889405e+02 2.361412884515036071e-19
3.141699999999889314e+02 2.251785027995834431e-19
3.141799999999889224e+02 2.248920716930943929e-19
3.141899999999889133e+02 2.140884395576212474e-19
3.141999999999889042e+02 2.255209939740083312e-19
3.142099999999888951e+02 2.330535870196238022e-19
3.142199999999888860e+02 2.297508105050057346e-19
3.142299999999888769e+02 2.271006358933587779e-19
3.142399999999888678e+02 2.320334252940815510e-19
3.142499999999888587e+02 2.283654552065671483e-19
3.142599999999888496e+02 2.268660879833573642e-19
3.142699999999888405e+02 2.284574168654239360e-19
3.142799999999888314e+02 2.227529693084041994e-19
3.142899999999888223e+02 2.343586441762578768e-19
3.142999999999888132e+02 2.208535822269268454e-19
3.143099999999888041e+02 2.249097419631319558e-19
3.143199999999887950e+02 2.290376692837227175e-19
3.143299999999887859e+02 2.277102991417414525e-19
3.143399999999887768e+02 2.418646479112568305e-19
3.143499999999887677e+02 2.373839951723489229e-19
3.143599999999887586e+02 2.269072663991378582e-19
3.143699999999887496e+02 2.223690308290868716e-19
3.143799999999887405e+02 2.257849974002873056e-19
3.143899999999887314e+02 2.392500176263740756e-19
3.143999999999887223e+02 2.365137288344260580e-19
3.144099999999887132e+02 2.222695311696807867e-19
3.144199999999887041e+02 2.331286721078209768e-19
3.144299999999886950e+02 2.375500644735677327e-19
3.144399999999886859e+02 2.398644385654438002e-19
3.144499999999886768e+02 2.348420491126659757e-19
3.144599999999886677e+02 2.291510990554531024e-19
3.144699999999886586e+02 2.373571462615947450e-19
3.144799999999886495e+02 2.394824149955259430e-19
3.144899999999886404e+02 2.298949250200996679e-19
3.144999999999886313e+02 2.478809287069136371e-19
3.145099999999886222e+02 2.415231202430794766e-19
3.145199999999886131e+02 2.363301238638727636e-19
3.145299999999886040e+02 2.253584446102143160e-19
3.145399999999885949e+02 2.325753707524663290e-19
3.145499999999885858e+02 2.324050785513621904e-19
3.145599999999885767e+02 2.436782542138228486e-19
3.145699999999885677e+02 2.371610693025765473e-19
3.145799999999885586e+02 2.423399545669453125e-19
3.145899999999885495e+02 2.354790617628900681e-19
3.145999999999885404e+02 2.443834690798768981e-19
3.146099999999885313e+02 2.434661557535917033e-19
3.146199999999885222e+02 2.356666785851207680e-19
3.146299999999885131e+02 2.378583299986643971e-19
3.146399999999885040e+02 2.387708895729460489e-19
3.146499999999884949e+02 2.421797117164506697e-19
3.146599999999884858e+02 2.401964494417841224e-19
3.146699999999884767e+02 2.407840344694921998e-19
3.146799999999884676e+02 2.431494904854049823e-19
3.146899999999884585e+02 2.467870851013114298e-19
3.146999999999884494e+02 2.413462279345921441e-19
3.147099999999884403e+02 2.435967543243721593e-19
3.147199999999884312e+02 2.400567410263209613e-19
3.147299999999884221e+02 2.512636874961974657e-19
3.147399999999884130e+02 2.426949777822646443e-19
3.147499999999884039e+02 2.413799872420554433e-19
3.147599999999883948e+02 2.497357997617738278e-19
3.147699999999883858e+02 2.489425532400347485e-19
3.147799999999883767e+02 2.563639009962240593e-19
3.147899999999883676e+02 2.507265202988195614e-19
3.147999999999883585e+02 2.378577535496879523e-19
3.148099999999883494e+02 2.445067032980850629e-19
3.148199999999883403e+02 2.466150062765902302e-19
3.148299999999883312e+02 2.509998296112042823e-19
3.148399999999883221e+02 2.492954385290355469e-19
3.148499999999883130e+02 2.486094047068635115e-19
3.148599999999883039e+02 2.369871572653751417e-19
3.148699999999882948e+02 2.497807983065473118e-19
3.148799999999882857e+02 2.512860714305897582e-19
3.148899999999882766e+02 2.512683447003081574e-19
3.148999999999882675e+02 2.488164784023441853e-19
3.149099999999882584e+02 2.546363470507578780e-19
3.149199999999882493e+02 2.509025200006334846e-19
3.149299999999882402e+02 2.444845472101263397e-19
3.149399999999882311e+02 2.477696676182665375e-19
3.149499999999882220e+02 2.581259573671212476e-19
3.149599999999882129e+02 2.496176541976295805e-19
3.149699999999882039e+02 2.562516867825421083e-19
3.149799999999881948e+02 2.523479842316678605e-19
3.149899999999881857e+02 2.548930793338184727e-19
3.149999999999881766e+02 2.644901611081074006e-19
3.150099999999881675e+02 2.554098662050930442e-19
3.150199999999881584e+02 2.571159914232638361e-19
3.150299999999881493e+02 2.477572401060955638e-19
3.150399999999881402e+02 2.530984274343160000e-19
3.150499999999881311e+02 2.572598968522558807e-19
3.150599999999881220e+02 2.594113291758419052e-19
3.150699999999881129e+02 2.578482941249522849e-19
3.150799999999881038e+02 2.589215562700288694e-19
3.150899999999880947e+02 2.507747051864140082e-19
3.150999999999880856e+02 2.573797963017243137e-19
3.151099999999880765e+02 2.518788365680768611e-19
3.151199999999880674e+02 2.602384689208220588e-19
3.151299999999880583e+02 2.583947519076995920e-19
3.151399999999880492e+02 2.476072833788026809e-19
3.151499999999880401e+02 2.478147441862978952e-19
3.151599999999880310e+02 2.599360268353375379e-19
3.151699999999880220e+02 2.623764763518554896e-19
3.151799999999880129e+02 2.500218405881274753e-19
3.151899999999880038e+02 2.512333083387441087e-19
3.151999999999879947e+02 2.685279276868884959e-19
3.152099999999879856e+02 2.611285199121481457e-19
3.152199999999879765e+02 2.589549743265098432e-19
3.152299999999879674e+02 2.553130089516466547e-19
3.152399999999879583e+02 2.659694665757872065e-19
3.152499999999879492e+02 2.596000000039827264e-19
3.152599999999879401e+02 2.568110789057800034e-19
3.152699999999879310e+02 2.454525855090840466e-19
3.152799999999879219e+02 2.444277871324060024e-19
3.152899999999879128e+02 2.515214908832804755e-19
3.152999999999879037e+02 2.537236800037226061e-19
3.153099999999878946e+02 2.491268296087714923e-19
3.153199999999878855e+02 2.525065067201458715e-19
3.153299999999878764e+02 2.488575671437079547e-19
3.153399999999878673e+02 2.559275012873037856e-19
3.153499999999878582e+02 2.450722942807268833e-19
3.153599999999878492e+02 2.524776160031810522e-19
3.153699999999878401e+02 2.595732714375025325e-19
3.153799999999878310e+02 2.565067889736192607e-19
3.153899999999878219e+02 2.527900224540586469e-19
3.153999999999878128e+02 2.532898841012610824e-19
3.154099999999878037e+02 2.588000000013271795e-19
3.154199999999877946e+02 2.494175804233506398e-19
3.154299999999877855e+02 2.463349530964184254e-19
3.154399999999877764e+02 2.549420572840666816e-19
3.154499999999877673e+02 2.513286116163960506e-19
3.154599999999877582e+02 2.582246010636019473e-19
3.154699999999877491e+02 2.482280598372408247e-19
3.154799999999877400e+02 2.459483549623371273e-19
3.154899999999877309e+02 2.500054407894154601e-19
3.154999999999877218e+02 2.555120827434353386e-19
3.155099999999877127e+02 2.442423433085946733e-19
3.155199999999877036e+02 2.520440399154410951e-19
3.155299999999876945e+02 2.455167634670392533e-19
3.155399999999876854e+02 2.486079668406721788e-19
3.155499999999876763e+02 2.505635929881239694e-19
3.155599999999876673e+02 2.515181323234519219e-19
3.155699999999876582e+02 2.502911923615633737e-19
3.155799999999876491e+02 2.479817185730146143e-19
3.155899999999876400e+02 2.494192156480690212e-19
3.155999999999876309e+02 2.483090257440695088e-19
3.156099999999876218e+02 2.476628376538307648e-19
3.156199999999876127e+02 2.585986204920663096e-19
3.156299999999876036e+02 2.546072215720654051e-19
3.156399999999875945e+02 2.457690063326436921e-19
3.156499999999875854e+02 2.503288447658132661e-19
3.156599999999875763e+02 2.501332799112096358e-19
3.156699999999875672e+02 2.494891378061012563e-19
3.156799999999875581e+02 2.424053435248339907e-19
3.156899999999875490e+02 2.491138610394335671e-19
3.156999999999875399e+02 2.447265212353930275e-19
3.157099999999875308e+02 2.457279293308406432e-19
3.157199999999875217e+02 2.668256380781552719e-19
3.157299999999875126e+02 2.544452842408656023e-19
3.157399999999875035e+02 2.541165959898216154e-19
3.157499999999874944e+02 2.486850486331171967e-19
3.157599999999874854e+02 2.420504855144837932e-19
3.157699999999874763e+02 2.595153796168356048e-19
3.157799999999874672e+02 2.432048484896832391e-19
3.157899999999874581e+02 2.498803015066850326e-19
3.157999999999874490e+02 2.492499575729921577e-19
3.158099999999874399e+02 2.491400262462008159e-19
3.158199999999874308e+02 2.517612814486077793e-19
3.158299999999874217e+02 2.466477322406945243e-19
3.158399999999874126e+02 2.512939964223212327e-19
3.158499999999874035e+02 2.409744007804020828e-19
3.158599999999873944e+02 2.442052630845705930e-19
3.158699999999873853e+02 2.466688464388928215e-19
3.158799999999873762e+02 2.494575817917753564e-19
3.158899999999873671e+02 2.449157545034351709e-19
3.158999999999873580e+02 2.480053393984549299e-19
3.159099999999873489e+02 2.449275002448769862e-19
3.159199999999873398e+02 2.497924022470320440e-19
3.159299999999873307e+02 2.512041280472363242e-19
3.159399999999873216e+02 2.542853505211836771e-19
3.159499999999873125e+02 2.467934851236313453e-19
3.159599999999873035e+02 2.538826690610281521e-19
3.159699999999872944e+02 2.423972651875867563e-19
3.159799999999872853e+02 2.535715681564967967e-19
3.159899999999872762e+02 2.468051040402514215e-19
3.159999999999872671e+02 2.559656910674172448e-19
3.160099999999872580e+02 2.472818145850500317e-19
3.160199999999872489e+02 2.439281998018083964e-19
3.160299999999872398e+02 2.502154175543388455e-19
3.160399999999872307e+02 2.587294253199424071e-19
3.160499999999872216e+02 2.447112985301230896e-19
3.160599999999872125e+02 2.507890074850298284e-19
3.160699999999872034e+02 2.483632323581367218e-19
3.160799999999871943e+02 2.510682586320456504e-19
3.160899999999871852e+02 2.437387636705256780e-19
3.160999999999871761e+02 2.440170344100752200e-19
3.161099999999871670e+02 2.444505182806380211e-19
3.161199999999871579e+02 2.482324250305543086e-19
3.161299999999871488e+02 2.368812451970020077e-19
3.161399999999871397e+02 2.491782721369695761e-19
3.161499999999871306e+02 2.526238555663698114e-19
3.161599999999871216e+02 2.488109299076836971e-19
3.161699999999871125e+02 2.416545414767915076e-19
3.161799999999871034e+02 2.414248123280257159e-19
3.161899999999870943e+02 2.453604561516260959e-19
3.161999999999870852e+02 2.550639735993263176e-19
3.162099999999870761e+02 2.428643491198083452e-19
3.162199999999870670e+02 2.515495636851547854e-19
3.162299999999870579e+02 2.407801973344621599e-19
3.162399999999870488e+02 2.471654570857465378e-19
3.162499999999870397e+02 2.610488081822935296e-19
3.162599999999870306e+02 2.379031802474848129e-19
3.162699999999870215e+02 2.412096575409431571e-19
3.162799999999870124e+02 2.495509861845881074e-19
3.162899999999870033e+02 2.449537261856507530e-19
3.162999999999869942e+02 2.275248684787923800e-19
3.163099999999869851e+02 2.537469774994522002e-19
3.163199999999869760e+02 2.497887698484452321e-19
3.163299999999869669e+02 2.499871870473874581e-19
3.163399999999869578e+02 2.450177410602171299e-19
3.163499999999869488e+02 2.592050886776005975e-19
3.163599999999869397e+02 2.510812026844930802e-19
3.163699999999869306e+02 2.441918034949574000e-19
3.163799999999869215e+02 2.533909289904217627e-19
3.163899999999869124e+02 2.436143806697506140e-19
3.163999999999869033e+02 2.486326601308491449e-19
3.164099999999868942e+02 2.547415457017914081e-19
3.164199999999868851e+02 2.407685120076467222e-19
3.164299999999868760e+02 2.462102611133890796e-19
3.164399999999868669e+02 2.452103143669102787e-19
3.164499999999868578e+02 2.476301480255655300e-19
3.164599999999868487e+02 2.584305720011114376e-19
3.164699999999868396e+02 2.432583681967073990e-19
3.164799999999868305e+02 2.295864987625780308e-19
3.164899999999868214e+02 1.584648594085000629e-19
3.164999999999868123e+02 4.009761913251535443e-19
3.165099999999868032e+02 2.810686527624737975e-19
3.165199999999867941e+02 2.509569678268309693e-19
3.165299999999867850e+02 2.482023638821480531e-19
3.165399999999867759e+02 2.341281219727134025e-19
3.165499999999867669e+02 2.396788147727460690e-19
3.165599999999867578e+02 2.373771331998841871e-19
3.165699999999867487e+02 2.482734699580895455e-19
3.165799999999867396e+02 2.526524576001346253e-19
3.165899999999867305e+02 2.587106140910633322e-19
3.165999999999867214e+02 2.449756550518886475e-19
3.166099999999867123e+02 2.576864124752636952e-19
3.166199999999867032e+02 2.523766554529451158e-19
3.166299999999866941e+02 2.498067189591445861e-19
3.166399999999866850e+02 2.406680015756659966e-19
3.166499999999866759e+02 2.371451021225558744e-19
3.166599999999866668e+02 2.506099359764049111e-19
3.166699999999866577e+02 2.496717992643850341e-19
3.166799999999866486e+02 2.619637953145212435e-19
3.166899999999866395e+02 2.491825805141100758e-19
3.166999999999866304e+02 2.503439525904628829e-19
3.167099999999866213e+02 2.556393525838928952e-19
3.167199999999866122e+02 2.496805161449024399e-19
3.167299999999866031e+02 2.541082853086377055e-19
3.167399999999865940e+02 2.504087462121148783e-19
3.167499999999865850e+02 2.437890672349451348e-19
3.167599999999865759e+02 2.520133993223821220e-19
3.167699999999865668e+02 2.500328024932170681e-19
3.167799999999865577e+02 2.503219905799153623e-19
3.167899999999865486e+02 2.497891107608344361e-19
3.167999999999865395e+02 2.563569663232084335e-19
3.168099999999865304e+02 2.585981745606274717e-19
3.168199999999865213e+02 2.463161251942560024e-19
3.168299999999865122e+02 2.534767595436591900e-19
3.168399999999865031e+02 2.463080050037009890e-19
3.168499999999864940e+02 2.639339707166950700e-19
3.168599999999864849e+02 2.546289224312868471e-19
3.168699999999864758e+02 2.538698417850555694e-19
3.168799999999864667e+02 2.557461124171470982e-19
3.168899999999864576e+02 2.615384966715332854e-19
3.168999999999864485e+02 2.483467614353956282e-19
3.169099999999864394e+02 2.563421506028431195e-19
3.169199999999864303e+02 2.529286475568615825e-19
3.169299999999864212e+02 2.560147458784935464e-19
3.169399999999864121e+02 2.473475054640148659e-19
3.169499999999864031e+02 2.513937675580898802e-19
3.169599999999863940e+02 2.589884079699112985e-19
3.169699999999863849e+02 2.612108765348102053e-19
3.169799999999863758e+02 2.677637954195982479e-19
3.169899999999863667e+02 2.552799668869185004e-19
3.169999999999863576e+02 2.592133339969541852e-19
3.170099999999863485e+02 2.561787586050539855e-19
3.170199999999863394e+02 2.593052990507648786e-19
3.170299999999863303e+02 2.603316423699587893e-19
3.170399999999863212e+02 2.667930051991693114e-19
3.170499999999863121e+02 2.541870478877818996e-19
3.170599999999863030e+02 2.602657454060076949e-19
3.170699999999862939e+02 2.633198464742021634e-19
3.170799999999862848e+02 2.660413482452843968e-19
3.170899999999862757e+02 2.642470337575842020e-19
3.170999999999862666e+02 2.578947174811294331e-19
3.171099999999862575e+02 2.628244639125393041e-19
3.171199999999862484e+02 2.594653902897720723e-19
3.171299999999862393e+02 2.564839513021346586e-19
3.171399999999862303e+02 2.634168110664744973e-19
3.171499999999862212e+02 2.644173960106016190e-19
3.171599999999862121e+02 2.633446117587933906e-19
3.171699999999862030e+02 2.646225486464857379e-19
3.171799999999861939e+02 2.731221882470410858e-19
3.171899999999861848e+02 2.674997996783596009e-19
3.171999999999861757e+02 2.638166015381477622e-19
3.172099999999861666e+02 2.695138303893322594e-19
3.172199999999861575e+02 2.694935846723666151e-19
3.172299999999861484e+02 2.606236529623156168e-19
3.172399999999861393e+02 2.642691229957643095e-19
3.172499999999861302e+02 2.624605556097829612e-19
3.172599999999861211e+02 2.633752500557544469e-19
3.172699999999861120e+02 2.671222385668480199e-19
3.172799999999861029e+02 2.673098349709023542e-19
3.172899999999860938e+02 2.777159414936409712e-19
3.172999999999860847e+02 2.554475509633677212e-19
3.173099999999860756e+02 2.765581595876014925e-19
3.173199999999860665e+02 2.659618256900465758e-19
3.173299999999860574e+02 2.677170310178421399e-19
3.173399999999860484e+02 2.709665072391548294e-19
3.173499999999860393e+02 2.696024737094260816e-19
3.173599999999860302e+02 2.762457143627560402e-19
3.173699999999860211e+02 2.834983922499439413e-19
3.173799999999860120e+02 2.646013012710197325e-19
3.173899999999860029e+02 2.786840013942017944e-19
3.173999999999859938e+02 2.711099146907787754e-19
3.174099999999859847e+02 2.655092691469959781e-19
3.174199999999859756e+02 2.708384484445599499e-19
3.174299999999859665e+02 2.670851138361928096e-19
3.174399999999859574e+02 2.747907680718062009e-19
3.174499999999859483e+02 2.719339578541108052e-19
3.174599999999859392e+02 2.789230355407419975e-19
3.174699999999859301e+02 2.744448936239435905e-19
3.174799999999859210e+02 2.776867692730915490e-19
3.174899999999859119e+02 2.688307870629222251e-19
3.174999999999859028e+02 2.795842487998976077e-19
3.175099999999858937e+02 2.775320587369194266e-19
3.175199999999858846e+02 2.751653213325371917e-19
3.175299999999858755e+02 2.835179991599951566e-19
3.175399999999858665e+02 2.900449408012050921e-19
3.175499999999858574e+02 2.758503769408776834e-19
3.175599999999858483e+02 2.823534521425768358e-19
3.175699999999858392e+02 2.825691998992955470e-19
3.175799999999858301e+02 2.757145954045570803e-19
3.175899999999858210e+02 2.852089688210417155e-19
3.175999999999858119e+02 2.737108920028819648e-19
3.176099999999858028e+02 2.778899825628309655e-19
3.176199999999857937e+02 2.828599218712311920e-19
3.176299999999857846e+02 2.778810053865165216e-19
3.176399999999857755e+02 2.866320967676965467e-19
3.176499999999857664e+02 2.857402393779469312e-19
3.176599999999857573e+02 2.801976850478481996e-19
3.176699999999857482e+02 2.793048462672682671e-19
3.176799999999857391e+02 2.967100226056028752e-19
3.176899999999857300e+02 2.821157866649119146e-19
3.176999999999857209e+02 2.998456835480938991e-19
3.177099999999857118e+02 2.795004972631876168e-19
3.177199999999857027e+02 2.878273392269203123e-19
3.177299999999856936e+02 2.828528188158554912e-19
3.177399999999856846e+02 2.919647571023658103e-19
3.177499999999856755e+02 2.846065640008452202e-19
3.177599999999856664e+02 2.815552110771660822e-19
3.177699999999856573e+02 2.896552238934662590e-19
3.177799999999856482e+02 2.911901479680640813e-19
3.177899999999856391e+02 2.880222859314550142e-19
3.177999999999856300e+02 2.724517229624395430e-19
3.178099999999856209e+02 2.904425945000710562e-19
3.178199999999856118e+02 3.017547479899206340e-19
3.178299999999856027e+02 2.928984517544788395e-19
3.178399999999855936e+02 2.910560068995713623e-19
3.178499999999855845e+02 2.872969534516651863e-19
3.178599999999855754e+02 2.843220186989389059e-19
3.178699999999855663e+02 2.859660587176572890e-19
3.178799999999855572e+02 2.863546447832808261e-19
3.178899999999855481e+02 2.910514798445385087e-19
3.178999999999855390e+02 2.821617749165834746e-19
3.179099999999855299e+02 2.751764741339715536e-19
3.179199999999855208e+02 2.850310409364080747e-19
3.179299999999855117e+02 2.902478018350434917e-19
3.179399999999855027e+02 2.859831953937001835e-19
3.179499999999854936e+02 2.891622365186943047e-19
3.179599999999854845e+02 2.934562569103758351e-19
3.179699999999854754e+02 2.868640083568692506e-19
3.179799999999854663e+02 2.866922200688106978e-19
3.179899999999854572e+02 2.991037316774276796e-19
3.179999999999854481e+02 2.833485161353389793e-19
3.180099999999854390e+02 2.824067697977267803e-19
3.180199999999854299e+02 2.961551685933273316e-19
3.180299999999854208e+02 2.894340101484831060e-19
3.180399999999854117e+02 2.851459029565042818e-19
3.180499999999854026e+02 2.818155417276296382e-19
3.180599999999853935e+02 2.931947240121623283e-19
3.180699999999853844e+02 2.876775908351860410e-19
3.180799999999853753e+02 2.812143500592618747e-19
3.180899999999853662e+02 2.852705219122036557e-19
3.180999999999853571e+02 2.886451691510328393e-19
3.181099999999853480e+02 2.875637700902162961e-19
3.181199999999853389e+02 2.896659206384184386e-19
3.181299999999853299e+02 2.783362644939114873e-19
3.181399999999853208e+02 2.855531835707525658e-19
3.181499999999853117e+02 2.826427533744066596e-19
3.181599999999853026e+02 2.902640056017118408e-19
3.181699999999852935e+02 2.890443807395312988e-19
3.181799999999852844e+02 2.773795571924922863e-19
3.181899999999852753e+02 2.802210571353969928e-19
3.181999999999852662e+02 2.944105925913427581e-19
3.182099999999852571e+02 2.914016072949956648e-19
3.182199999999852480e+02 2.922340857289697239e-19
3.182299999999852389e+02 2.992905345545859202e-19
3.182399999999852298e+02 2.934198112844375872e-19
3.182499999999852207e+02 2.852435247254625252e-19
3.182599999999852116e+02 2.959003552188089406e-19
3.182699999999852025e+02 2.776869019290362140e-19
3.182799999999851934e+02 2.855669993824261769e-19
3.182899999999851843e+02 2.940718084492547464e-19
3.182999999999851752e+02 2.851164161428840561e-19
3.183099999999851661e+02 2.883909329118569844e-19
3.183199999999851570e+02 2.884501921008099876e-19
3.183299999999851480e+02 2.832303788426916091e-19
3.183399999999851389e+02 2.795301555875528005e-19
3.183499999999851298e+02 2.783612520319675955e-19
3.183599999999851207e+02 2.944955805185453684e-19
3.183699999999851116e+02 2.824835959551525257e-19
3.183799999999851025e+02 2.823977212046616955e-19
3.183899999999850934e+02 2.805021794222282378e-19
3.183999999999850843e+02 2.787616183076376668e-19
3.184099999999850752e+02 2.880875045504021610e-19
3.184199999999850661e+02 2.880043992340645155e-19
3.184299999999850570e+02 2.828662876565250681e-19
3.184399999999850479e+02 2.845659593978171409e-19
3.184499999999850388e+02 2.808269512286898385e-19
3.184599999999850297e+02 2.882340730684807860e-19
3.184699999999850206e+02 2.814408626716391898e-19
3.184799999999850115e+02 2.811433421449053969e-19
3.184899999999850024e+02 2.841942161006197773e-19
3.184999999999849933e+02 2.895920121003724188e-19
3.185099999999849842e+02 2.860826315041461473e-19
3.185199999999849751e+02 2.751652347054384328e-19
3.185299999999849661e+02 2.778010624796118055e-19
3.185399999999849570e+02 2.858303429357099050e-19
3.185499999999849479e+02 2.779379117000506399e-19
3.185599999999849388e+02 2.678968805326876298e-19
3.185699999999849297e+02 2.693803559156162452e-19
3.185799999999849206e+02 2.869306292372885110e-19
3.185899999999849115e+02 2.815177901336990078e-19
3.185999999999849024e+02 2.802999087421698250e-19
3.186099999999848933e+02 2.874940759903533091e-19
3.186199999999848842e+02 2.850625375955818336e-19
3.186299999999848751e+02 2.734053751285518278e-19
3.186399999999848660e+02 2.770771915789752429e-19
3.186499999999848569e+02 2.783742465465897890e-19
3.186599999999848478e+02 2.889032322586230719e-19
3.186699999999848387e+02 2.847394679661788254e-19
3.186799999999848296e+02 2.756187031989815118e-19
3.186899999999848205e+02 2.829449933944547109e-19
3.186999999999848114e+02 2.875653171018298649e-19
3.187099999999848023e+02 2.700262245018496426e-19
3.187199999999847932e+02 2.946879193424224973e-19
3.187299999999847842e+02 2.760938262969048627e-19
3.187399999999847751e+02 2.818310908288015100e-19
3.187499999999847660e+02 2.796659685471156498e-19
3.187599999999847569e+02 2.678725998117872025e-19
3.187699999999847478e+02 2.758321437862147555e-19
3.187799999999847387e+02 2.762469904561435665e-19
3.187899999999847296e+02 2.969432897289936739e-19
3.187999999999847205e+02 2.754501365966260315e-19
3.188099999999847114e+02 2.823038619088700504e-19
3.188199999999847023e+02 2.790796423277785260e-19
3.188299999999846932e+02 2.818686637538886651e-19
3.188399999999846841e+02 2.718063852470067950e-19
3.188499999999846750e+02 2.716048559881807646e-19
3.188599999999846659e+02 2.746504142293144423e-19
3.188699999999846568e+02 2.815163807545809357e-19
3.188799999999846477e+02 2.853164917357376097e-19
3.188899999999846386e+02 2.684203256331503444e-19
3.188999999999846295e+02 2.804692163065125665e-19
3.189099999999846204e+02 2.657208843635268667e-19
3.189199999999846113e+02 2.928839891312631013e-19
3.189299999999846023e+02 2.760442274726412456e-19
3.189399999999845932e+02 2.826586650311452756e-19
3.189499999999845841e+02 2.731776938498514816e-19
3.189599999999845750e+02 2.711783444448249475e-19
3.189699999999845659e+02 2.829565871406730727e-19
3.189799999999845568e+02 2.772671656004055382e-19
3.189899999999845477e+02 2.734463680793959966e-19
3.189999999999845386e+02 2.698030280658828110e-19
3.190099999999845295e+02 2.615206106336762442e-19
3.190199999999845204e+02 2.841560535046779083e-19
3.190299999999845113e+02 2.669348205170520670e-19
3.190399999999845022e+02 2.843551474574930806e-19
3.190499999999844931e+02 2.760712320014128471e-19
3.190599999999844840e+02 2.875348044654621406e-19
3.190699999999844749e+02 2.850920324838046662e-19
3.190799999999844658e+02 2.843078689166582599e-19
3.190899999999844567e+02 2.642746254904689482e-19
3.190999999999844476e+02 2.806416646458664564e-19
3.191099999999844385e+02 2.717476354062184972e-19
3.191199999999844295e+02 2.802540559057060539e-19
3.191299999999844204e+02 2.723284488588409348e-19
3.191399999999844113e+02 2.928063811256170780e-19
3.191499999999844022e+02 2.724736456028963177e-19
3.191599999999843931e+02 2.701978818097969790e-19
3.191699999999843840e+02 2.771533376346637494e-19
3.191799999999843749e+02 2.773339153564609537e-19
3.191899999999843658e+02 2.855384551388082240e-19
3.191999999999843567e+02 2.784379282742753387e-19
3.192099999999843476e+02 2.739777890438944754e-19
3.192199999999843385e+02 2.657208224025799071e-19
3.192299999999843294e+02 2.730376104632744194e-19
3.192399999999843203e+02 2.703558284179776058e-19
3.192499999999843112e+02 2.868635197622931181e-19
3.192599999999843021e+02 2.748816252476135316e-19
3.192699999999842930e+02 2.837070873168505693e-19
3.192799999999842839e+02 2.760420985688753081e-19
3.192899999999842748e+02 2.788013649758198835e-19
3.192999999999842657e+02 2.701284895245397332e-19
3.193099999999842566e+02 2.863801563823619270e-19
3.193199999999842476e+02 2.689720891237378565e-19
3.193299999999842385e+02 2.758730820037245748e-19
3.193399999999842294e+02 2.723216159924864847e-19
3.193499999999842203e+02 2.841894270191234784e-19
3.193599999999842112e+02 2.765326399885891701e-19
3.193699999999842021e+02 2.745723376468222202e-19
3.193799999999841930e+02 2.658781100649113331e-19
3.193899999999841839e+02 2.827226104102498981e-19
3.193999999999841748e+02 2.848583002370282448e-19
3.194099999999841657e+02 2.703307838576559056e-19
3.194199999999841566e+02 2.789801253352850904e-19
3.194299999999841475e+02 2.743083262221245533e-19
3.194399999999841384e+02 2.793990120930550402e-19
3.194499999999841293e+02 2.774516899093612399e-19
3.194599999999841202e+02 2.688055604632928250e-19
3.194699999999841111e+02 2.765061963158795084e-19
3.194799999999841020e+02 2.814621817995812960e-19
3.194899999999840929e+02 2.755148946246752755e-19
3.194999999999840838e+02 2.719831121551930857e-19
3.195099999999840747e+02 2.728090886386427334e-19
3.195199999999840657e+02 2.670050179926709016e-19
3.195299999999840566e+02 2.873728197621282994e-19
3.195399999999840475e+02 2.734273504429955108e-19
3.195499999999840384e+02 2.786796520009638329e-19
3.195599999999840293e+02 2.790780754380280148e-19
3.195699999999840202e+02 2.912527911971268324e-19
3.195799999999840111e+02 2.931682432840817022e-19
3.195899999999840020e+02 2.688097152899801781e-19
3.195999999999839929e+02 2.798385015699276950e-19
3.196099999999839838e+02 2.761699102834049096e-19
3.196199999999839747e+02 2.773838476269523522e-19
3.196299999999839656e+02 2.819610829651782638e-19
3.196399999999839565e+02 2.874358577454231069e-19
3.196499999999839474e+02 2.826301304334462896e-19
3.196599999999839383e+02 2.732145578030486342e-19
3.196699999999839292e+02 2.865306567531794208e-19
3.196799999999839201e+02 2.754933959133143751e-19
3.196899999999839110e+02 2.707082501925518274e-19
3.196999999999839019e+02 2.955317793223181095e-19
3.197099999999838928e+02 3.061754089186692322e-19
3.197199999999838838e+02 2.844379075612613497e-19
3.197299999999838747e+02 2.805345479808184964e-19
3.197399999999838656e+02 2.914214749180535959e-19
3.197499999999838565e+02 2.822593100646309719e-19
3.197599999999838474e+02 2.820938382490206556e-19
3.197699999999838383e+02 2.830112707039895721e-19
3.197799999999838292e+02 2.964332988468812489e-19
3.197899999999838201e+02 2.915190056551949714e-19
3.197999999999838110e+02 2.976349411777448415e-19
3.198099999999838019e+02 2.979702139040249280e-19
3.198199999999837928e+02 2.997613512662791588e-19
3.198299999999837837e+02 2.783841652536129815e-19
3.198399999999837746e+02 2.999482253190049890e-19
3.198499999999837655e+02 2.827923829766706244e-19
3.198599999999837564e+02 2.873014602833684401e-19
3.198699999999837473e+02 2.941270238502845904e-19
3.198799999999837382e+02 2.956503801170038492e-19
3.198899999999837291e+02 2.899056463501012620e-19
3.198999999999837200e+02 2.881676114889168187e-19
3.199099999999837109e+02 2.953804313612412556e-19
3.199199999999837019e+02 2.877168561472220578e-19
3.199299999999836928e+02 3.032410160232772898e-19
3.199399999999836837e+02 2.996377078512299066e-19
3.199499999999836746e+02 2.923538235131348008e-19
3.199599999999836655e+02 2.957477665345680382e-19
3.199699999999836564e+02 2.995191393680012775e-19
3.199799999999836473e+02 2.969763372688007335e-19
3.199899999999836382e+02 2.942557648134177880e-19
3.199999999999836291e+02 2.772655672083938973e-19
3.200099999999836200e+02 3.074258774676412477e-19
3.200199999999836109e+02 2.942418540299774549e-19
3.200299999999836018e+02 2.933846643815143120e-19
3.200399999999835927e+02 3.112667093171861485e-19
3.200499999999835836e+02 2.959809690809115522e-19
3.200599999999835745e+02 3.069216377001604746e-19
3.200699999999835654e+02 3.019427282691544996e-19
3.200799999999835563e+02 3.050660380568282994e-19
3.200899999999835472e+02 3.057753288271007224e-19
3.200999999999835381e+02 2.988699266726688484e-19
3.201099999999835291e+02 3.031275957471849324e-19
3.201199999999835200e+02 3.051270014128882843e-19
3.201299999999835109e+02 2.905239975554581416e-19
3.201399999999835018e+02 3.073096370605362671e-19
3.201499999999834927e+02 3.089891349364227402e-19
3.201599999999834836e+02 3.011101140096448992e-19
3.201699999999834745e+02 3.101701789589272014e-19
3.201799999999834654e+02 3.108789253837748045e-19
3.201899999999834563e+02 3.048019592780174571e-19
3.201999999999834472e+02 3.011221122827894415e-19
3.202099999999834381e+02 3.141081188443683356e-19
3.202199999999834290e+02 3.022390082580257641e-19
3.202299999999834199e+02 3.158808494998446879e-19
3.202399999999834108e+02 3.098426263861751456e-19
3.202499999999834017e+02 3.186653062076213517e-19
3.202599999999833926e+02 2.939147782098610715e-19
3.202699999999833835e+02 3.122515741188289125e-19
3.202799999999833744e+02 3.038331243812702861e-19
3.202899999999833653e+02 3.241100240931242812e-19
3.202999999999833562e+02 3.004312324346331849e-19
3.203099999999833472e+02 3.192944738168058425e-19
3.203199999999833381e+02 3.126440317002728437e-19
3.203299999999833290e+02 3.132438215689257014e-19
3.203399999999833199e+02 3.219415949916005824e-19
3.203499999999833108e+02 3.082741193910229302e-19
3.203599999999833017e+02 3.105885305049963926e-19
3.203699999999832926e+02 3.023639154609428485e-19
3.203799999999832835e+02 3.155977964702887138e-19
3.203899999999832744e+02 3.070429900555054947e-19
3.203999999999832653e+02 3.060521906902322634e-19
3.204099999999832562e+02 3.178663426403534318e-19
3.204199999999832471e+02 3.128786924475350040e-19
3.204299999999832380e+02 3.123569285300859111e-19
3.204399999999832289e+02 3.155263337931028787e-19
3.204499999999832198e+02 3.152902514642055376e-19
3.204599999999832107e+02 3.147647495146837318e-19
3.204699999999832016e+02 3.194262363654713102e-19
3.204799999999831925e+02 3.018998774671387644e-19
3.204899999999831834e+02 3.070944936533442191e-19
3.204999999999831743e+02 3.124128174213323732e-19
3.205099999999831653e+02 3.136944013600780753e-19
3.205199999999831562e+02 3.205410701409594809e-19
3.205299999999831471e+02 3.110270355824983530e-19
3.205399999999831380e+02 3.206203955041927043e-19
3.205499999999831289e+02 3.094857793643882225e-19
3.205599999999831198e+02 3.005038077499566592e-19
3.205699999999831107e+02 3.062787112786530094e-19
3.205799999999831016e+02 3.122521976494498415e-19
3.205899999999830925e+02 3.061408902406544845e-19
3.205999999999830834e+02 2.969200507256621985e-19
3.206099999999830743e+02 3.021493605889383596e-19
3.206199999999830652e+02 3.126676535714216189e-19
3.206299999999830561e+02 2.960679461904899299e-19
3.206399999999830470e+02 3.184498925067054495e-19
3.206499999999830379e+02 2.972725370854680405e-19
3.206599999999830288e+02 2.986936974012676161e-19
3.206699999999830197e+02 3.245699422984330603e-19
3.206799999999830106e+02 3.154332108775317645e-19
3.206899999999830015e+02 3.131755516071326699e-19
3.206999999999829924e+02 3.113643779712713660e-19
3.207099999999829834e+02 3.049458163154282621e-19
3.207199999999829743e+02 2.979451270233318224e-19
3.207299999999829652e+02 3.132952472631972723e-19
3.207399999999829561e+02 3.048419749372270655e-19
3.207499999999829470e+02 2.923897467427906999e-19
3.207599999999829379e+02 2.993488355381510570e-19
3.207699999999829288e+02 2.963866167265015029e-19
3.207799999999829197e+02 3.074203961288511768e-19
3.207899999999829106e+02 3.048660887956988596e-19
3.207999999999829015e+02 3.053727985140873258e-19
3.208099999999828924e+02 2.986877987774073670e-19
3.208199999999828833e+02 2.900811639139259763e-19
3.208299999999828742e+02 3.157379129357514656e-19
3.208399999999828651e+02 2.861260229937201517e-19
3.208499999999828560e+02 2.922725710733500311e-19
3.208599999999828469e+02 2.977054325493881285e-19
3.208699999999828378e+02 3.031015574150989082e-19
3.208799999999828287e+02 3.107105349975071998e-19
3.208899999999828196e+02 3.061266684198482705e-19
3.208999999999828106e+02 2.939209981596991983e-19
3.209099999999828015e+02 2.940457503072986777e-19
3.209199999999827924e+02 2.971328222367928712e-19
3.209299999999827833e+02 3.048083839188440725e-19
3.209399999999827742e+02 3.035329073951178188e-19
3.209499999999827651e+02 3.070478314560827131e-19
3.209599999999827560e+02 2.919071430468233149e-19
3.209699999999827469e+02 2.887023213670606489e-19
3.209799999999827378e+02 2.980779024838191758e-19
3.209899999999827287e+02 2.964836661313375245e-19
3.209999999999827196e+02 2.919289481017728692e-19
