# O3 Cross section
# Gorshelev, V., Serdyuchenko, A., Weber, M., Chehade, W., and Burrows, J. P. Atmospheric Measurement Techniques, 7, 609–624, https://doi.org/10.5194/amt-7-609-2014, 2014.
# Interpolated by cublic spline
# Wavelength (nm),       Absorption cross-section(cm2/molec)
3.020000000000000000e+02 2.719847527229900228e-19
3.020099999999999909e+02 2.717429404074860135e-19
3.020199999999999818e+02 2.714971748707290610e-19
3.020299999999999727e+02 2.712480143071880517e-19
3.020399999999999636e+02 2.709959459863803941e-19
3.020499999999999545e+02 2.707413760071315113e-19
3.020599999999999454e+02 2.704846220686615548e-19
3.020699999999999363e+02 2.702259092688764884e-19
3.020799999999999272e+02 2.699653688488735214e-19
3.020899999999999181e+02 2.697030397191935001e-19
3.020999999999999091e+02 2.694388725300709967e-19
3.021099999999999000e+02 2.691727359868070421e-19
3.021199999999998909e+02 2.689044250635061117e-19
3.021299999999998818e+02 2.686336707350461242e-19
3.021399999999998727e+02 2.683601508279180668e-19
3.021499999999998636e+02 2.680835015859351385e-19
3.021599999999998545e+02 2.678033295552028182e-19
3.021699999999998454e+02 2.675192234138098809e-19
3.021799999999998363e+02 2.672307654031899159e-19
3.021899999999998272e+02 2.669375420584330788e-19
3.021999999999998181e+02 2.666391539822081401e-19
3.022099999999998090e+02 2.663352244585292283e-19
3.022199999999997999e+02 2.660254067570150594e-19
3.022299999999997908e+02 2.657093900325852723e-19
3.022399999999997817e+02 2.653869037785354609e-19
3.022499999999997726e+02 2.650577208399765397e-19
3.022599999999997635e+02 2.647216590391877384e-19
3.022699999999997544e+02 2.643785815023408914e-19
3.022799999999997453e+02 2.640283958083580396e-19
3.022899999999997362e+02 2.636710521040972012e-19
3.022999999999997272e+02 2.633065403461665168e-19
3.023099999999997181e+02 2.629348868380946986e-19
3.023199999999997090e+02 2.625561502331768676e-19
3.023299999999996999e+02 2.621704171687710671e-19
3.023399999999996908e+02 2.617777976879361914e-19
3.023499999999996817e+02 2.613784205904647448e-19
3.023599999999996726e+02 2.609724288384769072e-19
3.023699999999996635e+02 2.605599751233651106e-19
3.023799999999996544e+02 2.601412176817603462e-19
3.023899999999996453e+02 2.597163164297625832e-19
3.023999999999996362e+02 2.592854294677558358e-19
3.024099999999996271e+02 2.588487099932394328e-19
3.024199999999996180e+02 2.584063036471047471e-19
3.024299999999996089e+02 2.579583463096440121e-19
3.024399999999995998e+02 2.575049623564601344e-19
3.024499999999995907e+02 2.570462633812343471e-19
3.024599999999995816e+02 2.565823473913755321e-19
3.024699999999995725e+02 2.561132984835054537e-19
3.024799999999995634e+02 2.556391870078786720e-19
3.024899999999995543e+02 2.551600702331439376e-19
3.024999999999995453e+02 2.546759935245511424e-19
3.025099999999995362e+02 2.541869920494243963e-19
3.025199999999995271e+02 2.536930930217765151e-19
3.025299999999995180e+02 2.531943184937707549e-19
3.025399999999995089e+02 2.526906886940378859e-19
3.025499999999994998e+02 2.521822259018681532e-19
3.025599999999994907e+02 2.516689588319714554e-19
3.025699999999994816e+02 2.511509274865326460e-19
3.025799999999994725e+02 2.506281884111698781e-19
3.025899999999994634e+02 2.501008202686631080e-19
3.025999999999994543e+02 2.495689296208062920e-19
3.026099999999994452e+02 2.490326567850466216e-19
3.026199999999994361e+02 2.484921816100998854e-19
3.026299999999994270e+02 2.479477289946920354e-19
3.026399999999994179e+02 2.473995739573652325e-19
3.026499999999994088e+02 2.468480460542044561e-19
3.026599999999993997e+02 2.462935329362497158e-19
3.026699999999993906e+02 2.457364828406639014e-19
3.026799999999993815e+02 2.451774058198260762e-19
3.026899999999993724e+02 2.446168735309061055e-19
3.026999999999993634e+02 2.440555174355181035e-19
3.027099999999993543e+02 2.434940252941250298e-19
3.027199999999993452e+02 2.429331358827951661e-19
3.027299999999993361e+02 2.423736319092950801e-19
3.027399999999993270e+02 2.418163311605979434e-19
3.027499999999993179e+02 2.412620759723576414e-19
3.027599999999993088e+02 2.407117211716744299e-19
3.027699999999992997e+02 2.401661207047579642e-19
3.027799999999992906e+02 2.396261132191096082e-19
3.027899999999992815e+02 2.390925069232661295e-19
3.027999999999992724e+02 2.385660640934356469e-19
3.028099999999992633e+02 2.380474856340180151e-19
3.028199999999992542e+02 2.375373961252893830e-19
3.028299999999992451e+02 2.370363298058417121e-19
3.028399999999992360e+02 2.365447179375229877e-19
3.028499999999992269e+02 2.360628779864499228e-19
3.028599999999992178e+02 2.355910050245671877e-19
3.028699999999992087e+02 2.351291657125524517e-19
3.028799999999991996e+02 2.346772951669815907e-19
3.028899999999991905e+02 2.342351969443947951e-19
3.028999999999991815e+02 2.338025462933870621e-19
3.029099999999991724e+02 2.333788967356617610e-19
3.029199999999991633e+02 2.329636899405910436e-19
3.029299999999991542e+02 2.325562687581834487e-19
3.029399999999991451e+02 2.321558931754298618e-19
3.029499999999991360e+02 2.317617588643793714e-19
3.029599999999991269e+02 2.313730178999160409e-19
3.029699999999991178e+02 2.309888011443915034e-19
3.029799999999991087e+02 2.306082417280943129e-19
3.029899999999990996e+02 2.302304990012983611e-19
3.029999999999990905e+02 2.299041589251255699e-19
3.030099999999990814e+02 2.295224399050774685e-19
3.030199999999990723e+02 2.291423506666942655e-19
3.030299999999990632e+02 2.287634455081584800e-19
3.030399999999990541e+02 2.283853798668184582e-19
3.030499999999990450e+02 2.280079232413424470e-19
3.030599999999990359e+02 2.276309690885294176e-19
3.030699999999990268e+02 2.272545413156813563e-19
3.030799999999990177e+02 2.268787970803282509e-19
3.030899999999990087e+02 2.265040257109671384e-19
3.030999999999989996e+02 2.261306436727921160e-19
3.031099999999989905e+02 2.257591856177578744e-19
3.031199999999989814e+02 2.253902916752216240e-19
3.031299999999989723e+02 2.250246912542521616e-19
3.031399999999989632e+02 2.246631837378957739e-19
3.031499999999989541e+02 2.243066165498112250e-19
3.031599999999989450e+02 2.239558611612305214e-19
3.031699999999989359e+02 2.236117876785837922e-19
3.031799999999989268e+02 2.232752387065909134e-19
3.031899999999989177e+02 2.229470032163080212e-19
3.031999999999989086e+02 2.226277911612089700e-19
3.032099999999988995e+02 2.223182095760849368e-19
3.032199999999988904e+02 2.220187408633824194e-19
3.032299999999988813e+02 2.217297239201241983e-19
3.032399999999988722e+02 2.214513386873060804e-19
3.032499999999988631e+02 2.211835946142438670e-19
3.032599999999988540e+02 2.209263234256526880e-19
3.032699999999988449e+02 2.206791764620925454e-19
3.032799999999988358e+02 2.204416267382014115e-19
3.032899999999988268e+02 2.202129757319508245e-19
3.032999999999988177e+02 2.199923647853248388e-19
3.033099999999988086e+02 2.197787908670501771e-19
3.033199999999987995e+02 2.195711263244874539e-19
3.033299999999987904e+02 2.193681421388609975e-19
3.033399999999987813e+02 2.191685340986636944e-19
3.033499999999987722e+02 2.189709512234205996e-19
3.033599999999987631e+02 2.187740257067566642e-19
3.033699999999987540e+02 2.185764036052048568e-19
3.033799999999987449e+02 2.183767754793541635e-19
3.033899999999987358e+02 2.181739061966466377e-19
3.033999999999987267e+02 2.179666631306992976e-19
3.034099999999987176e+02 2.177540420393041541e-19
3.034199999999987085e+02 2.175351899707480420e-19
3.034299999999986994e+02 2.173094246338940576e-19
3.034399999999986903e+02 2.170762497682530181e-19
3.034499999999986812e+02 2.168353661638039871e-19
3.034599999999986721e+02 2.165866781020269788e-19
3.034699999999986630e+02 2.163302951167274788e-19
3.034799999999986539e+02 2.160665291010344811e-19
3.034899999999986449e+02 2.157958869122733810e-19
3.034999999999986358e+02 2.155190587449381593e-19
3.035099999999986267e+02 2.152369026506868076e-19
3.035199999999986176e+02 2.149504256796653090e-19
3.035299999999986085e+02 2.146607621971246975e-19
3.035399999999985994e+02 2.143691499908884506e-19
3.035499999999985903e+02 2.140769048273495318e-19
3.035599999999985812e+02 2.137853941353583504e-19
3.035699999999985721e+02 2.134960104983939287e-19
3.035799999999985630e+02 2.132101456161083430e-19
3.035899999999985539e+02 2.129291653580665417e-19
3.035999999999985448e+02 2.126543864764570841e-19
3.036099999999985357e+02 2.123870554733139133e-19
3.036199999999985266e+02 2.121283300338865965e-19
3.036299999999985175e+02 2.118792633440640551e-19
3.036399999999985084e+02 2.116407915097704208e-19
3.036499999999984993e+02 2.114137241930386609e-19
3.036599999999984902e+02 2.111987384768340377e-19
3.036699999999984811e+02 2.109963758716630486e-19
3.036799999999984720e+02 2.108070422849640677e-19
3.036899999999984630e+02 2.106310106918929829e-19
3.036999999999984539e+02 2.104684261760149097e-19
3.037099999999984448e+02 2.103193129524508344e-19
3.037199999999984357e+02 2.101835829458514779e-19
3.037299999999984266e+02 2.100610454718884544e-19
3.037399999999984175e+02 2.099514175643064573e-19
3.037499999999984084e+02 2.098543344995065003e-19
3.037599999999983993e+02 2.097693600965826270e-19
3.037699999999983902e+02 2.096959964109507850e-19
3.037799999999983811e+02 2.096336924928680781e-19
3.037899999999983720e+02 2.095818519454867588e-19
3.037999999999983629e+02 2.095398390885391774e-19
3.038099999999983538e+02 2.095069836101657030e-19
3.038199999999983447e+02 2.094825836680833757e-19
3.038299999999983356e+02 2.094659074792291750e-19
3.038399999999983265e+02 2.094561935113520604e-19
3.038499999999983174e+02 2.094526494581131259e-19
3.038599999999983083e+02 2.094544502386303031e-19
3.038699999999982992e+02 2.094607353110365751e-19
3.038799999999982901e+02 2.094706056258420323e-19
3.038899999999982811e+02 2.094831205674586816e-19
3.038999999999982720e+02 2.094972952405885310e-19
3.039099999999982629e+02 2.095120984519653578e-19
3.039199999999982538e+02 2.095264517176255728e-19
3.039299999999982447e+02 2.095392295923379831e-19
3.039399999999982356e+02 2.095492615721035716e-19
3.039499999999982265e+02 2.095553357649583499e-19
3.039599999999982174e+02 2.095562044610503955e-19
3.039699999999982083e+02 2.095505916632176607e-19
3.039799999999981992e+02 2.095372025658652335e-19
3.039899999999981901e+02 2.095147348960380322e-19
3.039999999999981810e+02 2.094818919584050093e-19
3.040099999999981719e+02 2.094373971582902740e-19
3.040199999999981628e+02 2.093800097158876487e-19
3.040299999999981537e+02 2.093085412329053239e-19
3.040399999999981446e+02 2.092218727315247307e-19
3.040499999999981355e+02 2.091189717563518874e-19
3.040599999999981264e+02 2.089989091138011902e-19
3.040699999999981173e+02 2.088608748207156020e-19
3.040799999999981083e+02 2.087041928449641585e-19
3.040899999999980992e+02 2.085283342447878075e-19
3.040999999999980901e+02 2.083329283500796217e-19
3.041099999999980810e+02 2.081177716761005185e-19
3.041199999999980719e+02 2.078828343168343393e-19
3.041299999999980628e+02 2.076282636293350955e-19
3.041399999999980537e+02 2.073543850896997665e-19
3.041499999999980446e+02 2.070617002735923274e-19
3.041599999999980355e+02 2.067508819870195519e-19
3.041699999999980264e+02 2.064227666439719771e-19
3.041799999999980173e+02 2.060783440544450922e-19
3.041899999999980082e+02 2.057187448468519953e-19
3.041999999999979991e+02 2.053452258016756146e-19
3.042099999999979900e+02 2.049591534160999394e-19
3.042199999999979809e+02 2.045619860518532776e-19
3.042299999999979718e+02 2.041552550394471069e-19
3.042399999999979627e+02 2.037405451211525621e-19
3.042499999999979536e+02 2.033194746125176675e-19
3.042599999999979445e+02 2.028936756486095024e-19
3.042699999999979354e+02 2.024647748571899439e-19
3.042799999999979264e+02 2.020343747680561516e-19
3.042899999999979173e+02 2.016040362274153637e-19
3.042999999999979082e+02 2.011752620400929004e-19
3.043099999999978991e+02 2.007494820126471389e-19
3.043199999999978900e+02 2.003280395190870999e-19
3.043299999999978809e+02 1.999121796600018171e-19
3.043399999999978718e+02 1.995030390374572768e-19
3.043499999999978627e+02 1.991016371238387683e-19
3.043599999999978536e+02 1.987088691645968158e-19
3.043699999999978445e+02 1.983255005239497793e-19
3.043799999999978354e+02 1.979521623599665321e-19
3.043899999999978263e+02 1.975893485018161990e-19
3.043999999999978172e+02 1.972374133975158171e-19
3.044099999999978081e+02 1.968965710051153144e-19
3.044199999999977990e+02 1.965668945133278422e-19
3.044299999999977899e+02 1.962483167982374108e-19
3.044399999999977808e+02 1.959406315494619899e-19
3.044499999999977717e+02 1.956434950307037036e-19
3.044599999999977626e+02 1.953564284737555610e-19
3.044699999999977535e+02 1.950788211401410702e-19
3.044799999999977445e+02 1.948099341182952188e-19
3.044899999999977354e+02 1.945489049546765380e-19
3.044999999999977263e+02 1.942947532422060763e-19
3.045099999999977172e+02 1.940463873075189321e-19
3.045199999999977081e+02 1.938026121476760061e-19
3.045299999999976990e+02 1.935621387664714095e-19
3.045399999999976899e+02 1.933235950489784573e-19
3.045499999999976808e+02 1.930855382905225677e-19
3.045599999999976717e+02 1.928464694625930092e-19
3.045699999999976626e+02 1.926048492540257133e-19
3.045799999999976535e+02 1.923591158720918669e-19
3.045899999999976444e+02 1.921077045264833723e-19
3.045999999999976353e+02 1.918490684512017105e-19
3.046099999999976262e+02 1.915817012478699967e-19
3.046199999999976171e+02 1.913041602609756109e-19
3.046299999999976080e+02 1.910150906242694651e-19
3.046399999999975989e+02 1.907132495505976875e-19
3.046499999999975898e+02 1.903975303779761065e-19
3.046599999999975807e+02 1.900669858353656461e-19
3.046699999999975716e+02 1.897208499551805764e-19
3.046799999999975626e+02 1.893585580382235556e-19
3.046899999999975535e+02 1.889797640725026225e-19
3.046999999999975444e+02 1.885843550216466652e-19
3.047099999999975353e+02 1.881724614322916605e-19
3.047199999999975262e+02 1.877444638629450159e-19
3.047299999999975171e+02 1.873009947093147795e-19
3.047399999999975080e+02 1.868429350914993199e-19
3.047499999999974989e+02 1.863714065752415369e-19
3.047599999999974898e+02 1.858877576201664068e-19
3.047699999999974807e+02 1.853935447796047720e-19
3.047799999999974716e+02 1.848905088156717440e-19
3.047899999999974625e+02 1.843805460360151494e-19
3.047999999999974534e+02 1.838656753005551925e-19
3.048099999999974443e+02 1.833480012836975823e-19
3.048199999999974352e+02 1.828296747048984432e-19
3.048299999999974261e+02 1.823128503542858394e-19
3.048399999999974170e+02 1.817996438361036459e-19
3.048499999999974079e+02 1.812920880269488113e-19
3.048599999999973988e+02 1.807920902957305971e-19
3.048699999999973898e+02 1.803013915547219632e-19
3.048799999999973807e+02 1.798215282045339680e-19
3.048899999999973716e+02 1.793537979995735894e-19
3.048999999999973625e+02 1.788992307939660706e-19
3.049099999999973534e+02 1.784585650323138128e-19
3.049199999999973443e+02 1.780322307265439713e-19
3.049299999999973352e+02 1.776203395122441370e-19
3.049399999999973261e+02 1.772226822085354106e-19
3.049499999999973170e+02 1.768387341194348097e-19
3.049599999999973079e+02 1.764676681159294890e-19
3.049699999999972988e+02 1.761083753328325686e-19
3.049799999999972897e+02 1.757594931080189054e-19
3.049899999999972806e+02 1.754194395901827282e-19
3.049999999999972715e+02 1.750864542505180136e-19
3.050099999999972624e+02 1.747586433597568872e-19
3.050199999999972533e+02 1.744340293398722719e-19
3.050299999999972442e+02 1.741106027748542568e-19
3.050399999999972351e+02 1.737863757709455910e-19
3.050499999999972260e+02 1.734594352975196072e-19
3.050599999999972169e+02 1.731279951175021472e-19
3.050699999999972079e+02 1.727904449322239900e-19
3.050799999999971988e+02 1.724453954205342718e-19
3.050899999999971897e+02 1.720917179443488195e-19
3.050999999999971806e+02 1.717285778213805928e-19
3.051099999999971715e+02 1.713554602266545216e-19
3.051199999999971624e+02 1.709721879741274031e-19
3.051299999999971533e+02 1.705789306428331866e-19
3.051399999999971442e+02 1.701762047427307485e-19
3.051499999999971351e+02 1.697648648576240188e-19
3.051599999999971260e+02 1.693460859489663465e-19
3.051699999999971169e+02 1.689213372481838656e-19
3.051799999999971078e+02 1.684923483993078082e-19
3.051899999999970987e+02 1.680610687309491458e-19
3.051999999999970896e+02 1.676296207310558682e-19
3.052099999999970805e+02 1.672002489630749724e-19
3.052199999999970714e+02 1.667752657933147117e-19
3.052299999999970623e+02 1.663569953922964207e-19
3.052399999999970532e+02 1.659477175247974479e-19
3.052499999999970441e+02 1.655496126519988629e-19
3.052599999999970350e+02 1.651647098345956561e-19
3.052699999999970260e+02 1.647948388483139367e-19
3.052799999999970169e+02 1.644415878050448220e-19
3.052899999999970078e+02 1.641062674173612194e-19
3.052999999999969987e+02 1.637898828554253803e-19
3.053099999999969896e+02 1.634931139292364330e-19
3.053199999999969805e+02 1.632163040913643985e-19
3.053299999999969714e+02 1.629594585035704115e-19
3.053399999999969623e+02 1.627222511515165750e-19
3.053499999999969532e+02 1.625040407335861678e-19
3.053599999999969441e+02 1.623038947996227545e-19
3.053699999999969350e+02 1.621206213810688022e-19
3.053799999999969259e+02 1.619528071422053002e-19
3.053899999999969168e+02 1.617988608992703030e-19
3.053999999999969077e+02 1.616570612057908385e-19
3.054099999999968986e+02 1.615256065925716555e-19
3.054199999999968895e+02 1.614026669828972815e-19
3.054299999999968804e+02 1.612864347795174847e-19
3.054399999999968713e+02 1.611751741403931712e-19
3.054499999999968622e+02 1.610672670244493560e-19
3.054599999999968531e+02 1.609612546945339925e-19
3.054699999999968441e+02 1.608558735090905331e-19
3.054799999999968350e+02 1.607500840123938343e-19
3.054899999999968259e+02 1.606430925398422945e-19
3.054999999999968168e+02 1.605343647837229526e-19
3.055099999999968077e+02 1.604236310087685880e-19
3.055199999999967986e+02 1.603108828586011743e-19
3.055299999999967895e+02 1.601963619458266651e-19
3.055399999999967804e+02 1.600805406630176448e-19
3.055499999999967713e+02 1.599640958811827448e-19
3.055599999999967622e+02 1.598478764103695127e-19
3.055699999999967531e+02 1.597328652770919489e-19
3.055799999999967440e+02 1.596201380205430206e-19
3.055899999999967349e+02 1.595108183195437460e-19
3.055999999999967258e+02 1.594060323319456622e-19
3.056099999999967167e+02 1.593068631561086512e-19
3.056199999999967076e+02 1.592143068093453354e-19
3.056299999999966985e+02 1.591292310620037195e-19
3.056399999999966894e+02 1.590523383699169584e-19
3.056499999999966803e+02 1.589841340158480048e-19
3.056599999999966712e+02 1.589249004063783197e-19
3.056699999999966622e+02 1.588746782799623651e-19
3.056799999999966531e+02 1.588332553703764633e-19
3.056899999999966440e+02 1.588001628443797676e-19
3.056999999999966349e+02 1.587746795998543935e-19
3.057099999999966258e+02 1.587558442781503303e-19
3.057199999999966167e+02 1.587424746187978143e-19
3.057299999999966076e+02 1.587331935729576361e-19
3.057399999999965985e+02 1.587264613998530365e-19
3.057499999999965894e+02 1.587206128039240339e-19
3.057599999999965803e+02 1.587138980335636507e-19
3.057699999999965712e+02 1.587045267593178384e-19
3.057799999999965621e+02 1.586907134823806808e-19
3.057899999999965530e+02 1.586707231948381818e-19
3.057999999999965439e+02 1.586429160214191735e-19
3.058099999999965348e+02 1.586057896177236910e-19
3.058199999999965257e+02 1.585580181798655533e-19
3.058299999999965166e+02 1.584984870321788052e-19
3.058399999999965075e+02 1.584263218990873039e-19
3.058499999999964984e+02 1.583409121296415012e-19
3.058599999999964894e+02 1.582419273233842893e-19
3.058699999999964803e+02 1.581293269981010814e-19
3.058799999999964712e+02 1.580033631378746731e-19
3.058899999999964621e+02 1.578645756574700526e-19
3.058999999999964530e+02 1.577137810106111449e-19
3.059099999999964439e+02 1.575520543497847198e-19
3.059199999999964348e+02 1.573807058082238795e-19
3.059299999999964257e+02 1.572012516172235346e-19
3.059399999999964166e+02 1.570153808891755031e-19
3.059499999999964075e+02 1.568249189869408128e-19
3.059599999999963984e+02 1.566317884610094200e-19
3.059699999999963893e+02 1.564379685665493401e-19
3.059799999999963802e+02 1.562454543733255504e-19
3.059899999999963711e+02 1.560562164533670378e-19
3.059999999999963620e+02 1.558721620761297747e-19
3.060099999999963529e+02 1.556950987617599415e-19
3.060199999999963438e+02 1.555267009428654952e-19
3.060299999999963347e+02 1.553684803683085697e-19
3.060399999999963256e+02 1.552217607530419371e-19
3.060499999999963165e+02 1.550876570405660801e-19
3.060599999999963075e+02 1.549670595038279849e-19
3.060699999999962984e+02 1.548606227710216343e-19
3.060799999999962893e+02 1.547687597289322091e-19
3.060899999999962802e+02 1.546916401323167590e-19
3.060999999999962711e+02 1.546291936369067065e-19
3.061099999999962620e+02 1.545811168785754108e-19
3.061199999999962529e+02 1.545468841446703607e-19
3.061299999999962438e+02 1.545257611266565517e-19
3.061399999999962347e+02 1.545168212069062106e-19
3.061499999999962256e+02 1.545189637169192819e-19
3.061599999999962165e+02 1.545309336083626928e-19
3.061699999999962074e+02 1.545513420010828033e-19
3.061799999999961983e+02 1.545786871114074835e-19
3.061899999999961892e+02 1.546113751172347627e-19
3.061999999999961801e+02 1.546477405806696493e-19
3.062099999999961710e+02 1.546860661211092378e-19
3.062199999999961619e+02 1.547246011083322787e-19
3.062299999999961528e+02 1.547615792229492518e-19
3.062399999999961437e+02 1.547952348071858802e-19
3.062499999999961346e+02 1.548238179993981422e-19
3.062599999999961256e+02 1.548456087080101257e-19
3.062699999999961165e+02 1.548589295326057108e-19
3.062799999999961074e+02 1.548621577796798978e-19
3.062899999999960983e+02 1.548537367467647866e-19
3.062999999999960892e+02 1.548321864606901957e-19
3.063099999999960801e+02 1.547961140533531608e-19
3.063199999999960710e+02 1.547442239421596190e-19
3.063299999999960619e+02 1.546753279533085127e-19
3.063399999999960528e+02 1.545883554857337668e-19
3.063499999999960437e+02 1.544823637641230304e-19
3.063599999999960346e+02 1.543565481731500902e-19
3.063699999999960255e+02 1.542102526045523958e-19
3.063799999999960164e+02 1.540429796871777893e-19
3.063899999999960073e+02 1.538544007099422840e-19
3.063999999999959982e+02 1.536443649922698379e-19
3.064099999999959891e+02 1.534129084083496971e-19
3.064199999999959800e+02 1.531602607330651897e-19
3.064299999999959709e+02 1.528868514509454908e-19
3.064399999999959618e+02 1.525933136564924289e-19
3.064499999999959527e+02 1.522804856762170057e-19
3.064599999999959437e+02 1.519494100601551415e-19
3.064699999999959346e+02 1.516013296238787433e-19
3.064799999999959255e+02 1.512376802704498141e-19
3.064899999999959164e+02 1.508600803845891858e-19
3.064999999999959073e+02 1.504703166668907391e-19
3.065099999999958982e+02 1.500703263622645164e-19
3.065199999999958891e+02 1.496621759314974212e-19
3.065299999999958800e+02 1.492480363150844286e-19
3.065399999999958709e+02 1.488301550413498423e-19
3.065499999999958618e+02 1.484108255328769744e-19
3.065599999999958527e+02 1.479923540636522000e-19
3.065699999999958436e+02 1.475770249101013756e-19
3.065799999999958345e+02 1.471670643200507158e-19
3.065899999999958254e+02 1.467646039911741618e-19
3.065999999999958163e+02 1.463716448023590209e-19
3.066099999999958072e+02 1.459900215755289165e-19
3.066199999999957981e+02 1.456213696601701588e-19
3.066299999999957890e+02 1.452670941268968504e-19
3.066399999999957799e+02 1.449283423295270723e-19
3.066499999999957708e+02 1.446059805471730458e-19
3.066599999999957618e+02 1.443005753497555157e-19
3.066699999999957527e+02 1.440123802429052247e-19
3.066799999999957436e+02 1.437413280439939681e-19
3.066899999999957345e+02 1.434870293214439267e-19
3.066999999999957254e+02 1.432487770982412879e-19
3.067099999999957163e+02 1.430255578802351732e-19
3.067199999999957072e+02 1.428160689241477438e-19
3.067299999999956981e+02 1.426187415128608738e-19
3.067399999999956890e+02 1.424317698603738383e-19
3.067499999999956799e+02 1.422531451294856729e-19
3.067599999999956708e+02 1.420806939155865131e-19
3.067699999999956617e+02 1.419121204336123451e-19
3.067799999999956526e+02 1.417450515449781955e-19
3.067899999999956435e+02 1.415770836806200217e-19
3.067999999999956344e+02 1.414058306569530226e-19
3.068099999999956253e+02 1.412289713460049859e-19
3.068199999999956162e+02 1.410442961497958739e-19
3.068299999999956071e+02 1.408497512436465909e-19
3.068399999999955980e+02 1.406434795928140924e-19
3.068499999999955890e+02 1.404238578114135469e-19
3.068599999999955799e+02 1.401895280205813287e-19
3.068699999999955708e+02 1.399394239724335123e-19
3.068799999999955617e+02 1.396727908347819243e-19
3.068899999999955526e+02 1.393891981763335084e-19
3.068999999999955435e+02 1.390885458492010835e-19
3.069099999999955344e+02 1.387710626315852445e-19
3.069199999999955253e+02 1.384372976641454258e-19
3.069299999999955162e+02 1.380881048848851356e-19
3.069399999999955071e+02 1.377246208345922529e-19
3.069499999999954980e+02 1.373482363643926632e-19
3.069599999999954889e+02 1.369605629240973729e-19
3.069699999999954798e+02 1.365633942413604915e-19
3.069799999999954707e+02 1.361586643136124613e-19
3.069899999999954616e+02 1.357484027243725061e-19
3.069999999999954525e+02 1.353346883603226119e-19
3.070099999999954434e+02 1.349196026439137571e-19
3.070199999999954343e+02 1.345051834067199845e-19
3.070299999999954252e+02 1.340933805112823742e-19
3.070399999999954161e+02 1.336860142835382740e-19
3.070499999999954071e+02 1.332847377457371515e-19
3.070599999999953980e+02 1.328910035421023870e-19
3.070699999999953889e+02 1.325060363291760650e-19
3.070799999999953798e+02 1.321308112628473951e-19
3.070899999999953707e+02 1.317660390574314803e-19
3.070999999999953616e+02 1.314121579238593627e-19
3.071099999999953525e+02 1.310693325172162180e-19
3.071199999999953434e+02 1.307374598441761984e-19
3.071299999999953343e+02 1.304161819023043227e-19
3.071399999999953252e+02 1.301049046506338645e-19
3.071499999999953161e+02 1.298028227493138046e-19
3.071599999999953070e+02 1.295089493589958779e-19
3.071699999999952979e+02 1.292221501628508292e-19
3.071799999999952888e+02 1.289411806682564285e-19
3.071899999999952797e+02 1.286647257649375572e-19
3.071999999999952706e+02 1.283914404631243901e-19
3.072099999999952615e+02 1.281199907113658358e-19
3.072199999999952524e+02 1.278490931989164202e-19
3.072299999999952433e+02 1.275775530826209792e-19
3.072399999999952342e+02 1.273042986416860257e-19
3.072499999999952252e+02 1.270284119540174981e-19
3.072599999999952161e+02 1.267491548024382382e-19
3.072699999999952070e+02 1.264659891550731940e-19
3.072799999999951979e+02 1.261785917174902749e-19
3.072899999999951888e+02 1.258868622208549585e-19
3.072999999999951797e+02 1.255909252854899563e-19
3.073099999999951706e+02 1.252911258782877249e-19
3.073199999999951615e+02 1.249880185598811499e-19
3.073299999999951524e+02 1.246823508891101588e-19
3.073399999999951433e+02 1.243750415124816986e-19
3.073499999999951342e+02 1.240671536111684571e-19
3.073599999999951251e+02 1.237598645033778768e-19
3.073699999999951160e+02 1.234544323017766598e-19
3.073799999999951069e+02 1.231521606019907957e-19
3.073899999999950978e+02 1.228543622261032841e-19
3.073999999999950887e+02 1.225623230638621565e-19
3.074099999999950796e+02 1.222772670432180419e-19
3.074199999999950705e+02 1.220003232213667918e-19
3.074299999999950614e+02 1.217324959190040590e-19
3.074399999999950523e+02 1.214746387258529233e-19
3.074499999999950433e+02 1.212274330879395175e-19
3.074599999999950342e+02 1.209913720496649272e-19
3.074699999999950251e+02 1.207667495708004655e-19
3.074799999999950160e+02 1.205536556745207237e-19
3.074899999999950069e+02 1.203519775123820910e-19
3.074999999999949978e+02 1.201614062606396165e-19
3.075099999999949887e+02 1.199814495946354905e-19
3.075199999999949796e+02 1.198114493289746728e-19
3.075299999999949705e+02 1.196506036653533392e-19
3.075399999999949614e+02 1.194979933615772757e-19
3.075499999999949523e+02 1.193526110280629059e-19
3.075599999999949432e+02 1.192133926747690654e-19
3.075699999999949341e+02 1.190792505746837736e-19
3.075799999999949250e+02 1.189491064807219910e-19
3.075899999999949159e+02 1.188219242321657434e-19
3.075999999999949068e+02 1.186967408139676716e-19
3.076099999999948977e+02 1.185726949867232864e-19
3.076199999999948886e+02 1.184490526844572653e-19
3.076299999999948795e+02 1.183252284794944497e-19
3.076399999999948704e+02 1.182008025348368757e-19
3.076499999999948614e+02 1.180755326012143223e-19
3.076599999999948523e+02 1.179493607637594501e-19
3.076699999999948432e+02 1.178224147977518127e-19
3.076799999999948341e+02 1.176950041493529356e-19
3.076899999999948250e+02 1.175676107108168003e-19
3.076999999999948159e+02 1.174408747063122706e-19
3.077099999999948068e+02 1.173155761392183123e-19
3.077199999999947977e+02 1.171926123714165397e-19
3.077299999999947886e+02 1.170729725059605095e-19
3.077399999999947795e+02 1.169577093239849598e-19
3.077499999999947704e+02 1.168479095828687998e-19
3.077599999999947613e+02 1.167446635141001078e-19
3.077699999999947522e+02 1.166490343657498076e-19
3.077799999999947431e+02 1.165620288159470651e-19
3.077899999999947340e+02 1.164845690416422661e-19
3.077999999999947249e+02 1.164174671627726003e-19
3.078099999999947158e+02 1.163614026981666332e-19
3.078199999999947067e+02 1.163169035693433827e-19
3.078299999999946976e+02 1.162843310746240180e-19
3.078399999999946886e+02 1.162638691332985984e-19
3.078499999999946795e+02 1.162555179709222169e-19
3.078599999999946704e+02 1.162590922871349675e-19
3.078699999999946613e+02 1.162742238200099571e-19
3.078799999999946522e+02 1.163003681000072069e-19
3.078899999999946431e+02 1.163368150756079338e-19
3.078999999999946340e+02 1.163827031945931239e-19
3.079099999999946249e+02 1.164370364426245611e-19
3.079199999999946158e+02 1.164987037759589274e-19
3.079299999999946067e+02 1.165665003397749952e-19
3.079399999999945976e+02 1.166391498378366910e-19
3.079499999999945885e+02 1.167153274140151336e-19
3.079599999999945794e+02 1.167936824201953472e-19
3.079699999999945703e+02 1.168728604780608376e-19
3.079799999999945612e+02 1.169515242917154572e-19
3.079899999999945521e+02 1.170283727326867899e-19
3.079999999999945430e+02 1.171021577952867849e-19
3.080099999999945339e+02 1.171716991063593793e-19
3.080199999999945248e+02 1.172358957655746007e-19
3.080299999999945157e+02 1.172937353877353308e-19
3.080399999999945067e+02 1.173443003137732531e-19
3.080499999999944976e+02 1.173867710492059537e-19
3.080599999999944885e+02 1.174204270748380160e-19
3.080699999999944794e+02 1.174446452520993329e-19
3.080799999999944703e+02 1.174588961120529816e-19
3.080899999999944612e+02 1.174627383713708318e-19
3.080999999999944521e+02 1.174558120588869096e-19
3.081099999999944430e+02 1.174378306620181458e-19
3.081199999999944339e+02 1.174085727130515120e-19
3.081299999999944248e+02 1.173678732311678805e-19
3.081399999999944157e+02 1.173156154179903436e-19
3.081499999999944066e+02 1.172517229730828333e-19
3.081599999999943975e+02 1.171761533532668166e-19
3.081699999999943884e+02 1.170888922470233934e-19
3.081799999999943793e+02 1.169899494752959515e-19
3.081899999999943702e+02 1.168793564643835010e-19
3.081999999999943611e+02 1.167571653680670182e-19
3.082099999999943520e+02 1.166234498467414923e-19
3.082199999999943429e+02 1.164783074434786935e-19
3.082299999999943338e+02 1.163218634329091414e-19
3.082399999999943248e+02 1.161542759601614267e-19
3.082499999999943157e+02 1.159757422361635643e-19
3.082599999999943066e+02 1.157865055130555823e-19
3.082699999999942975e+02 1.155868625310763823e-19
3.082799999999942884e+02 1.153771711062779678e-19
3.082899999999942793e+02 1.151578575175315787e-19
3.082999999999942702e+02 1.149294233513096535e-19
3.083099999999942611e+02 1.146924514735783686e-19
3.083199999999942520e+02 1.144476108190066924e-19
3.083299999999942429e+02 1.141956597179265142e-19
3.083399999999942338e+02 1.139374475197178441e-19
3.083499999999942247e+02 1.136739143165151441e-19
3.083599999999942156e+02 1.134060886215683059e-19
3.083699999999942065e+02 1.131350829111618144e-19
3.083799999999941974e+02 1.128620869955286102e-19
3.083899999999941883e+02 1.125883592418116485e-19
3.083999999999941792e+02 1.123152157287529205e-19
3.084099999999941701e+02 1.120440174672609241e-19
3.084199999999941610e+02 1.117761558721255800e-19
3.084299999999941519e+02 1.115130367164034214e-19
3.084399999999941429e+02 1.112560628408383818e-19
3.084499999999941338e+02 1.110066159249505674e-19
3.084599999999941247e+02 1.107660376537400229e-19
3.084699999999941156e+02 1.105356106337559921e-19
3.084799999999941065e+02 1.103165394243269674e-19
3.084899999999940974e+02 1.101099320541712835e-19
3.084999999999940883e+02 1.099167823900180532e-19
3.085099999999940792e+02 1.097379537131963537e-19
3.085199999999940701e+02 1.095741638420072755e-19
3.085299999999940610e+02 1.094259721131319158e-19
3.085399999999940519e+02 1.092937685045650654e-19
3.085499999999940428e+02 1.091777651464603942e-19
3.085599999999940337e+02 1.090779904252207342e-19
3.085699999999940246e+02 1.089942858413242124e-19
3.085799999999940155e+02 1.089263057331769767e-19
3.085899999999940064e+02 1.088735199286491149e-19
3.085999999999939973e+02 1.088352193337998699e-19
3.086099999999939882e+02 1.088105244153500064e-19
3.086199999999939791e+02 1.087983964805317689e-19
3.086299999999939701e+02 1.087976516061972982e-19
3.086399999999939610e+02 1.088069770188096201e-19
3.086499999999939519e+02 1.088249496796338672e-19
3.086599999999939428e+02 1.088500567854488670e-19
3.086699999999939337e+02 1.088807178554699913e-19
3.086799999999939246e+02 1.089153080406931077e-19
3.086899999999939155e+02 1.089521822631392222e-19
3.086999999999939064e+02 1.089896997703333254e-19
3.087099999999938973e+02 1.090262486753653897e-19
3.087199999999938882e+02 1.090602700455202006e-19
3.087299999999938791e+02 1.090902811031380804e-19
3.087399999999938700e+02 1.091148971115527922e-19
3.087499999999938609e+02 1.091328515364272362e-19
3.087599999999938518e+02 1.091430140989133620e-19
3.087699999999938427e+02 1.091444063713350056e-19
3.087799999999938336e+02 1.091362146082631226e-19
3.087899999999938245e+02 1.091177995552796668e-19
3.087999999999938154e+02 1.090887030336914093e-19
3.088099999999938063e+02 1.090486511608382539e-19
3.088199999999937972e+02 1.089975541315170402e-19
3.088299999999937882e+02 1.089355025548237892e-19
3.088399999999937791e+02 1.088627604112212844e-19
3.088499999999937700e+02 1.087797547650809956e-19
3.088599999999937609e+02 1.086870624368308520e-19
3.088699999999937518e+02 1.085853939044802263e-19
3.088799999999937427e+02 1.084755747649930526e-19
3.088899999999937336e+02 1.083585251402732499e-19
3.088999999999937245e+02 1.082352374587128103e-19
3.089099999999937154e+02 1.081067530803924947e-19
3.089199999999937063e+02 1.079741382605227668e-19
3.089299999999936972e+02 1.078384599611613515e-19
3.089399999999936881e+02 1.077007620246923090e-19
3.089499999999936790e+02 1.075620422138896388e-19
3.089599999999936699e+02 1.074232306026224442e-19
3.089699999999936608e+02 1.072851697686164903e-19
3.089799999999936517e+02 1.071485971961183479e-19
3.089899999999936426e+02 1.070141302424908486e-19
3.089999999999936335e+02 1.068822539602890551e-19
3.090099999999936244e+02 1.067533119967161201e-19
3.090199999999936153e+02 1.066275007171420748e-19
3.090299999999936063e+02 1.065048666210300691e-19
3.090399999999935972e+02 1.063853070386068387e-19
3.090499999999935881e+02 1.062685740177841481e-19
3.090599999999935790e+02 1.061542812347427483e-19
3.090699999999935699e+02 1.060419136907457044e-19
3.090799999999935608e+02 1.059308398938000898e-19
3.090899999999935517e+02 1.058203261687539603e-19
3.090999999999935426e+02 1.057095526945300593e-19
3.091099999999935335e+02 1.055976308339251006e-19
3.091199999999935244e+02 1.054836213003827799e-19
3.091299999999935153e+02 1.053665526981150591e-19
3.091399999999935062e+02 1.052454399767000029e-19
3.091499999999934971e+02 1.051193023589865748e-19
3.091599999999934880e+02 1.049871803306605077e-19
3.091699999999934789e+02 1.048481513205413446e-19
3.091799999999934698e+02 1.047013437510497071e-19
3.091899999999934607e+02 1.045459491966715500e-19
3.091999999999934516e+02 1.043812324529728685e-19
3.092099999999934425e+02 1.042065393874125809e-19
3.092199999999934334e+02 1.040213025141487217e-19
3.092299999999934244e+02 1.038250443055101339e-19
3.092399999999934153e+02 1.036173783213137721e-19
3.092499999999934062e+02 1.033980083008195611e-19
3.092599999999933971e+02 1.031667254198914699e-19
3.092699999999933880e+02 1.029234039652964084e-19
3.092799999999933789e+02 1.026679957182083789e-19
3.092899999999933698e+02 1.024005233684598795e-19
3.092999999999933607e+02 1.021210732993328000e-19
3.093099999999933516e+02 1.018297880891296207e-19
3.093199999999933425e+02 1.015268590705252764e-19
3.093299999999933334e+02 1.012125192720948065e-19
3.093399999999933243e+02 1.008870370390891227e-19
3.093499999999933152e+02 1.005507105935531362e-19
3.093599999999933061e+02 1.002038637486501124e-19
3.093699999999932970e+02 9.984684293997142012e-20
3.093799999999932879e+02 9.948001567956187129e-20
3.093899999999932788e+02 9.910377047825274361e-20
3.093999999999932697e+02 9.871851822060163283e-20
3.094099999999932606e+02 9.832469491617169428e-20
3.094199999999932515e+02 9.792276569326181464e-20
3.094299999999932425e+02 9.751322984788101613e-20
3.094399999999932334e+02 9.709662671381958404e-20
3.094499999999932243e+02 9.667354208028292568e-20
3.094599999999932152e+02 9.624461485298665119e-20
3.094699999999932061e+02 9.581054363370288143e-20
3.094799999999931970e+02 9.537209288279087928e-20
3.094899999999931879e+02 9.493009832919231814e-20
3.094999999999931788e+02 9.448547130303637475e-20
3.095099999999931697e+02 9.403920168682842850e-20
3.095199999999931606e+02 9.359235921172064667e-20
3.095299999999931515e+02 9.314609286444425902e-20
3.095399999999931424e+02 9.270162821750627707e-20
3.095499999999931333e+02 9.226026254818918668e-20
3.095599999999931242e+02 9.182335767012436799e-20
3.095699999999931151e+02 9.139233046240821399e-20
3.095799999999931060e+02 9.096864114431374253e-20
3.095899999999930969e+02 9.055377940671726312e-20
3.095999999999930878e+02 9.014924857291329609e-20
3.096099999999930787e+02 8.975654801982199055e-20
3.096199999999930697e+02 8.937715414458495289e-20
3.096299999999930606e+02 8.901250020948714949e-20
3.096399999999930515e+02 8.866395543911632257e-20
3.096499999999930424e+02 8.833280377685523861e-20
3.096599999999930333e+02 8.802022273191260168e-20
3.096699999999930242e+02 8.772726276314604326e-20
3.096799999999930151e+02 8.745482765120101583e-20
3.096899999999930060e+02 8.720365630578154201e-20
3.096999999999929969e+02 8.697430644052521504e-20
3.097099999999929878e+02 8.676714052390894924e-20
3.097199999999929787e+02 8.658231438135287779e-20
3.097299999999929696e+02 8.641976878192117805e-20
3.097399999999929605e+02 8.627922429331202534e-20
3.097499999999929514e+02 8.616017963212119332e-20
3.097599999999929423e+02 8.606191367367585867e-20
3.097699999999929332e+02 8.598349121808391715e-20
3.097799999999929241e+02 8.592377253786511401e-20
3.097899999999929150e+02 8.588142665863385237e-20
3.097999999999929059e+02 8.585494824944847204e-20
3.098099999999928968e+02 8.584267792466792239e-20
3.098199999999928878e+02 8.584282568609444578e-20
3.098299999999928787e+02 8.585349716410583072e-20
3.098399999999928696e+02 8.587272225084715979e-20
3.098499999999928605e+02 8.589848565871609042e-20
3.098599999999928514e+02 8.592875888466338930e-20
3.098699999999928423e+02 8.596153301645508924e-20
3.098799999999928332e+02 8.599485178241087816e-20
3.098899999999928241e+02 8.602684422173560110e-20
3.098999999999928150e+02 8.605575634016869686e-20
3.099099999999928059e+02 8.607998111502045553e-20
3.099199999999927968e+02 8.609808622626055171e-20
3.099299999999927877e+02 8.610883891566617624e-20
3.099399999999927786e+02 8.611122741482500507e-20
3.099499999999927695e+02 8.610447843439230916e-20
3.099599999999927604e+02 8.608807027123582300e-20
3.099699999999927513e+02 8.606174116595628074e-20
3.099799999999927422e+02 8.602549262988323486e-20
3.099899999999927331e+02 8.597958755642323120e-20
3.099999999999927240e+02 8.592454303515282666e-20
3.100099999999927149e+02 8.586111789602928254e-20
3.100199999999927059e+02 8.579029512378085267e-20
3.100299999999926968e+02 8.571325939611546489e-20
3.100399999999926877e+02 8.563137011164606594e-20
3.100499999999926786e+02 8.554613038152224923e-20
3.100599999999926695e+02 8.545915256003249817e-20
3.100699999999926604e+02 8.537212098134079635e-20
3.100799999999926513e+02 8.528675264926075387e-20
3.100899999999926422e+02 8.520475669244536038e-20
3.100999999999926331e+02 8.512779344608940146e-20
3.101099999999926240e+02 8.505743405175588850e-20
3.101199999999926149e+02 8.499512147742675555e-20
3.101299999999926058e+02 8.494213384969112305e-20
3.101399999999925967e+02 8.489955095834478181e-20
3.101499999999925876e+02 8.486822474079502614e-20
3.101599999999925785e+02 8.484875448002248389e-20
3.101699999999925694e+02 8.484146735675946818e-20
3.101799999999925603e+02 8.484640488544372408e-20
3.101899999999925512e+02 8.486331563701457892e-20
3.101999999999925421e+02 8.489165451217362970e-20
3.102099999999925330e+02 8.493058867962750728e-20
3.102199999999925240e+02 8.497901013870643469e-20
3.102299999999925149e+02 8.503555470825499379e-20
3.102399999999925058e+02 8.509862708788686386e-20
3.102499999999924967e+02 8.516643148773542050e-20
3.102599999999924876e+02 8.523700718252561939e-20
3.102699999999924785e+02 8.530826821922810480e-20
3.102799999999924694e+02 8.537804639803464881e-20
3.102899999999924603e+02 8.544413655745325840e-20
3.102999999999924512e+02 8.550434312823484272e-20
3.103099999999924421e+02 8.555652688014001994e-20
3.103199999999924330e+02 8.559865077141134716e-20
3.103299999999924239e+02 8.562882382406256272e-20
3.103399999999924148e+02 8.564534198892956331e-20
3.103499999999924057e+02 8.564672503170193166e-20
3.103599999999923966e+02 8.563174856387509152e-20
3.103699999999923875e+02 8.559947045795197304e-20
3.103799999999923784e+02 8.554925102199051635e-20
3.103899999999923693e+02 8.548076646068213872e-20
3.103999999999923602e+02 8.539401531497405600e-20
3.104099999999923511e+02 8.528931774536049003e-20
3.104199999999923421e+02 8.516730770055346926e-20
3.104299999999923330e+02 8.502891818884148348e-20
3.104399999999923239e+02 8.487536003900079060e-20
3.104499999999923148e+02 8.470809469683450649e-20
3.104599999999923057e+02 8.452880174762744881e-20
3.104699999999922966e+02 8.433934198053627344e-20
3.104799999999922875e+02 8.414171691428060152e-20
3.104899999999922784e+02 8.393802578237955876e-20
3.104999999999922693e+02 8.373042102782033528e-20
3.105099999999922602e+02 8.352106338094346834e-20
3.105199999999922511e+02 8.331207758948468122e-20
3.105299999999922420e+02 8.310550983672853971e-20
3.105399999999922329e+02 8.290328782400090022e-20
3.105499999999922238e+02 8.270718440871669586e-20
3.105599999999922147e+02 8.251878558220857768e-20
3.105699999999922056e+02 8.233946344529690121e-20
3.105799999999921965e+02 8.217035469831376243e-20
3.105899999999921874e+02 8.201234501001853533e-20
3.105999999999921783e+02 8.186605947098203154e-20
3.106099999999921693e+02 8.173185917645378994e-20
3.106199999999921602e+02 8.160984382579965313e-20
3.106299999999921511e+02 8.149986007473354350e-20
3.106399999999921420e+02 8.140151523722812550e-20
3.106499999999921329e+02 8.131419580947697164e-20
3.106599999999921238e+02 8.123709018215381662e-20
3.106699999999921147e+02 8.116921482188727668e-20
3.106799999999921056e+02 8.110944314027695349e-20
3.106899999999920965e+02 8.105653623020134338e-20
3.106999999999920874e+02 8.100917463484019758e-20
3.107099999999920783e+02 8.096599032460393300e-20
3.107199999999920692e+02 8.092559808992008894e-20
3.107299999999920601e+02 8.088662561158930425e-20
3.107399999999920510e+02 8.084774154344326187e-20
3.107499999999920419e+02 8.080768103052338174e-20
3.107599999999920328e+02 8.076526818765959185e-20
3.107699999999920237e+02 8.071943517378308157e-20
3.107799999999920146e+02 8.066923761312560299e-20
3.107899999999920055e+02 8.061386623201344839e-20
3.107999999999919964e+02 8.055265469492634838e-20
3.108099999999919874e+02 8.048508373302589993e-20
3.108199999999919783e+02 8.041078175867151899e-20
3.108299999999919692e+02 8.032952224802846627e-20
3.108399999999919601e+02 8.024121824825849394e-20
3.108499999999919510e+02 8.014591442423009728e-20
3.108599999999919419e+02 8.004377710105903753e-20
3.108699999999919328e+02 7.993508278240750468e-20
3.108799999999919237e+02 7.982020563054770572e-20
3.108899999999919146e+02 7.969960438325391383e-20
3.108999999999919055e+02 7.957380915593137363e-20
3.109099999999918964e+02 7.944340853679719832e-20
3.109199999999918873e+02 7.930903733026086750e-20
3.109299999999918782e+02 7.917136524186947382e-20
3.109399999999918691e+02 7.903108672944569270e-20
3.109499999999918600e+02 7.888891217269904749e-20
3.109599999999918509e+02 7.874556044016349482e-20
3.109699999999918418e+02 7.860175286081839447e-20
3.109799999999918327e+02 7.845820854071669680e-20
3.109899999999918236e+02 7.831564090476651326e-20
3.109999999999918145e+02 7.817475529258172877e-20
3.110099999999918055e+02 7.803624739650169552e-20
3.110199999999917964e+02 7.790080230093162292e-20
3.110299999999917873e+02 7.776909386539640237e-20
3.110399999999917782e+02 7.764178418977552394e-20
3.110499999999917691e+02 7.751952290836741819e-20
3.110599999999917600e+02 7.740294607937157614e-20
3.110699999999917509e+02 7.729267446671232722e-20
3.110799999999917418e+02 7.718931105027908515e-20
3.110899999999917327e+02 7.709343764705738769e-20
3.110999999999917236e+02 7.700561057696239234e-20
3.111099999999917145e+02 7.692635536142917501e-20
3.111199999999917054e+02 7.685616049765647894e-20
3.111299999999916963e+02 7.679547040475111895e-20
3.111399999999916872e+02 7.674467768750713704e-20
3.111499999999916781e+02 7.670411490762282560e-20
3.111599999999916690e+02 7.667404608887327880e-20
3.111699999999916599e+02 7.665465821081369418e-20
3.111799999999916508e+02 7.664605296415668136e-20
3.111899999999916417e+02 7.664823904911517948e-20
3.111999999999916326e+02 7.666112529585510116e-20
3.112099999999916236e+02 7.668451487359455070e-20
3.112199999999916145e+02 7.671810083258235388e-20
3.112299999999916054e+02 7.676146319199563737e-20
3.112399999999915963e+02 7.681406774786313687e-20
3.112499999999915872e+02 7.687526673003991231e-20
3.112599999999915781e+02 7.694430138744996603e-20
3.112699999999915690e+02 7.702030652836178557e-20
3.112799999999915599e+02 7.710231698884267899e-20
3.112899999999915508e+02 7.718927594999156491e-20
3.112999999999915417e+02 7.728004497443443782e-20
3.113099999999915326e+02 7.737341558682297988e-20
3.113199999999915235e+02 7.746812218301759229e-20
3.113299999999915144e+02 7.756285601941143224e-20
3.113399999999915053e+02 7.765628000850839226e-20
3.113499999999914962e+02 7.774704402994303101e-20
3.113599999999914871e+02 7.783380045797861681e-20
3.113699999999914780e+02 7.791521960713593561e-20
3.113799999999914689e+02 7.799000480667551341e-20
3.113899999999914598e+02 7.805690683161806176e-20
3.113999999999914507e+02 7.811473744196249694e-20
3.114099999999914417e+02 7.816238181171216293e-20
3.114199999999914326e+02 7.819880966406011412e-20
3.114299999999914235e+02 7.822308496721943551e-20
3.114399999999914144e+02 7.823437408551319443e-20
3.114499999999914053e+02 7.823195232114183907e-20
3.114599999999913962e+02 7.821520882202836925e-20
3.114699999999913871e+02 7.818364986907657495e-20
3.114799999999913780e+02 7.813690059104923566e-20
3.114899999999913689e+02 7.807470518579687650e-20
3.114999999999913598e+02 7.799692575248114823e-20
3.115099999999913507e+02 7.790353985955720938e-20
3.115199999999913416e+02 7.779463698800933741e-20
3.115299999999913325e+02 7.767041399793436881e-20
3.115399999999913234e+02 7.753116976976153004e-20
3.115499999999913143e+02 7.737729916912455164e-20
3.115599999999913052e+02 7.720928647748292234e-20
3.115699999999912961e+02 7.702769841971624203e-20
3.115799999999912870e+02 7.683317690566009173e-20
3.115899999999912779e+02 7.662643158636970595e-20
3.115999999999912689e+02 7.640823230807606760e-20
3.116099999999912598e+02 7.617940152895342725e-20
3.116199999999912507e+02 7.594080674635957196e-20
3.116299999999912416e+02 7.569335296627803403e-20
3.116399999999912325e+02 7.543797523299794767e-20
3.116499999999912234e+02 7.517563122595052912e-20
3.116599999999912143e+02 7.490729392298187039e-20
3.116699999999912052e+02 7.463394432490426177e-20
3.116799999999911961e+02 7.435656423554619498e-20
3.116899999999911870e+02 7.407612909409125593e-20
3.116999999999911779e+02 7.379360086257169099e-20
3.117099999999911688e+02 7.350992097995776579e-20
3.117199999999911597e+02 7.322600340528220339e-20
3.117299999999911506e+02 7.294272778471357365e-20
3.117399999999911415e+02 7.266093279084308822e-20
3.117499999999911324e+02 7.238140969577923058e-20
3.117599999999911233e+02 7.210489625232277057e-20
3.117699999999911142e+02 7.183207096852900342e-20
3.117799999999911051e+02 7.156354786990565253e-20
3.117899999999910960e+02 7.129987184934599489e-20
3.117999999999910870e+02 7.104151470763217823e-20
3.118099999999910779e+02 7.078887198602502707e-20
3.118199999999910688e+02 7.054226068726531439e-20
3.118299999999910597e+02 7.030191797201394084e-20
3.118399999999910506e+02 7.006800090438254267e-20
3.118499999999910415e+02 6.984058730311462516e-20
3.118599999999910324e+02 6.961967773446851146e-20
3.118699999999910233e+02 6.940519865960278839e-20
3.118799999999910142e+02 6.919700672371991313e-20
3.118899999999910051e+02 6.899489414742406507e-20
3.118999999999909960e+02 6.879859515325116413e-20
3.119099999999909869e+02 6.860779333321507271e-20
3.119199999999909778e+02 6.842212983719560032e-20
3.119299999999909687e+02 6.824121223817500272e-20
3.119399999999909596e+02 6.806462390917906925e-20
3.119499999999909505e+02 6.789193372940494499e-20
3.119599999999909414e+02 6.772270592379772227e-20
3.119699999999909323e+02 6.755650983191520211e-20
3.119799999999909232e+02 6.739292939856782056e-20
3.119899999999909141e+02 6.723157218086646139e-20
3.119999999999909051e+02 6.707207767362951877e-20
3.120099999999908960e+02 6.691412476800013932e-20
3.120199999999908869e+02 6.675743817583600257e-20
3.120299999999908778e+02 6.660179367493503549e-20
3.120399999999908687e+02 6.644702205661558436e-20
3.120499999999908596e+02 6.629301168710641463e-20
3.120599999999908505e+02 6.613970962670028033e-20
3.120699999999908414e+02 6.598712128489289988e-20
3.120799999999908323e+02 6.583530862484805044e-20
3.120899999999908232e+02 6.568438696555045853e-20
3.120999999999908141e+02 6.553452046397156619e-20
3.121099999999908050e+02 6.538591639165079453e-20
3.121199999999907959e+02 6.523881834930708328e-20
3.121299999999907868e+02 6.509349858877531671e-20
3.121399999999907777e+02 6.495024963298316186e-20
3.121499999999907686e+02 6.480937540121914490e-20
3.121599999999907595e+02 6.467118205833230791e-20
3.121699999999907504e+02 6.453596881222851894e-20
3.121799999999907413e+02 6.440401888417446948e-20
3.121899999999907322e+02 6.427559087077929658e-20
3.121999999999907232e+02 6.415091070551742625e-20
3.122099999999907141e+02 6.403016441127680252e-20
3.122199999999907050e+02 6.391349181447512756e-20
3.122299999999906959e+02 6.380098136597703317e-20
3.122399999999906868e+02 6.369266618536983742e-20
3.122499999999906777e+02 6.358852141367706915e-20
3.122599999999906686e+02 6.348846292623801209e-20
3.122699999999906595e+02 6.339234742305831460e-20
3.122799999999906504e+02 6.329997387952543517e-20
3.122899999999906413e+02 6.321108630663352754e-20
3.122999999999906322e+02 6.312537773785831304e-20
3.123099999999906231e+02 6.304249533037403169e-20
3.123199999999906140e+02 6.296204644200074221e-20
3.123299999999906049e+02 6.288360552307966391e-20
3.123399999999905958e+02 6.280672164467882973e-20
3.123499999999905867e+02 6.273092647174704449e-20
3.123599999999905776e+02 6.265574248229641386e-20
3.123699999999905685e+02 6.258069123166361096e-20
3.123799999999905594e+02 6.250530146418384210e-20
3.123899999999905504e+02 6.242911688339860103e-20
3.123999999999905413e+02 6.235170340551386167e-20
3.124099999999905322e+02 6.227265573934742479e-20
3.124199999999905231e+02 6.219160315824249813e-20
3.124299999999905140e+02 6.210821435537637523e-20
3.124399999999905049e+02 6.202220130230768253e-20
3.124499999999904958e+02 6.193332206087528908e-20
3.124599999999904867e+02 6.184138252971527375e-20
3.124699999999904776e+02 6.174623713785091502e-20
3.124799999999904685e+02 6.164778852793520968e-20
3.124899999999904594e+02 6.154598630010022505e-20
3.124999999999904503e+02 6.144082491293790820e-20
3.125099999999904412e+02 6.133234086023434989e-20
3.125199999999904321e+02 6.122060926000801845e-20
3.125299999999904230e+02 6.110574000552595851e-20
3.125399999999904139e+02 6.098787363599040203e-20
3.125499999999904048e+02 6.086717708711454167e-20
3.125599999999903957e+02 6.074383947889309103e-20
3.125699999999903866e+02 6.061806808938922188e-20
3.125799999999903775e+02 6.049008464979333843e-20
3.125899999999903685e+02 6.036012207767143069e-20
3.125999999999903594e+02 6.022842174271320833e-20
3.126099999999903503e+02 6.009523133335973641e-20
3.126199999999903412e+02 5.996080336412203663e-20
3.126299999999903321e+02 5.982539433324335483e-20
3.126399999999903230e+02 5.968926450962931822e-20
3.126499999999903139e+02 5.955267829777221441e-20
3.126599999999903048e+02 5.941590510079924775e-20
3.126699999999902957e+02 5.927922057586173457e-20
3.126799999999902866e+02 5.914290815386952230e-20
3.126899999999902775e+02 5.900726067788872930e-20
3.126999999999902684e+02 5.887258200235323806e-20
3.127099999999902593e+02 5.873918838880193061e-20
3.127199999999902502e+02 5.860740953412403113e-20
3.127299999999902411e+02 5.847758907391676183e-20
3.127399999999902320e+02 5.835008441708561258e-20
3.127499999999902229e+02 5.822526578744080144e-20
3.127599999999902138e+02 5.810351437397902630e-20
3.127699999999902047e+02 5.798521952238595216e-20
3.127799999999901956e+02 5.787077493585718692e-20
3.127899999999901866e+02 5.776057389194893742e-20
3.127999999999901775e+02 5.765500352313292392e-20
3.128099999999901684e+02 5.755443825020443078e-20
3.128199999999901593e+02 5.745923249872958052e-20
3.128299999999901502e+02 5.736971286746003401e-20
3.128399999999901411e+02 5.728616995297512968e-20
3.128499999999901320e+02 5.720885006499834478e-20
3.128599999999901229e+02 5.713794709102560421e-20
3.128699999999901138e+02 5.707359478554128822e-20
3.128799999999901047e+02 5.701585976759631718e-20
3.128899999999900956e+02 5.696473550999830913e-20
3.128999999999900865e+02 5.692013759347623770e-20
3.129099999999900774e+02 5.688190047974744726e-20
3.129199999999900683e+02 5.684977602869582387e-20
3.129299999999900592e+02 5.682343394715246028e-20
3.129399999999900501e+02 5.680246431112425385e-20
3.129499999999900410e+02 5.678638225047464126e-20
3.129599999999900319e+02 5.677463482667822682e-20
3.129699999999900228e+02 5.676661007167527998e-20
3.129799999999900137e+02 5.676164809092855845e-20
3.129899999999900047e+02 5.675905406838225788e-20
3.129999999999899956e+02 5.675811294715885986e-20
3.130099999999899865e+02 5.675810549938578301e-20
3.130199999999899774e+02 5.675832544368679313e-20
3.130299999999899683e+02 5.675809722130446446e-20
3.130399999999899592e+02 5.675679400320324693e-20
3.130499999999899501e+02 5.675385547263694367e-20
3.130599999999899410e+02 5.674880491120408148e-20
3.130699999999899319e+02 5.674126511293872679e-20
3.130799999999899228e+02 5.673097266041039037e-20
3.130899999999899137e+02 5.671779011972053617e-20
3.130999999999899046e+02 5.670171574731218273e-20
3.131099999999898955e+02 5.668289035002166024e-20
3.131199999999898864e+02 5.666160099984357160e-20
3.131299999999898773e+02 5.663828137510585152e-20
3.131399999999898682e+02 5.661350857842576698e-20
3.131499999999898591e+02 5.658799636695802170e-20
3.131599999999898500e+02 5.656258482000589023e-20
3.131699999999898409e+02 5.653822656034820012e-20
3.131799999999898318e+02 5.651596973653770682e-20
3.131899999999898228e+02 5.649693806117232774e-20
3.131999999999898137e+02 5.648230828231993992e-20
3.132099999999898046e+02 5.647328553964300593e-20
3.132199999999897955e+02 5.647107712101486036e-20
3.132299999999897864e+02 5.647686518762820073e-20
3.132399999999897773e+02 5.649177907437109758e-20
3.132499999999897682e+02 5.651686779596048861e-20
3.132599999999897591e+02 5.655307339745416890e-20
3.132699999999897500e+02 5.660120577977951417e-20
3.132799999999897409e+02 5.666191960666026742e-20
3.132899999999897318e+02 5.673569385962554703e-20
3.132999999999897227e+02 5.682281455304196397e-20
3.133099999999897136e+02 5.692336105314207919e-20
3.133199999999897045e+02 5.703719636511923391e-20
3.133299999999896954e+02 5.716396166267820678e-20
3.133399999999896863e+02 5.730307523731396786e-20
3.133499999999896772e+02 5.745373594236698777e-20
3.133599999999896681e+02 5.761493110238109156e-20
3.133699999999896590e+02 5.778544875400425497e-20
3.133799999999896500e+02 5.796389398347151390e-20
3.133899999999896409e+02 5.814870903000796586e-20
3.133999999999896318e+02 5.833819673691985353e-20
3.134099999999896227e+02 5.853054685482677990e-20
3.134199999999896136e+02 5.872386463638217500e-20
3.134299999999896045e+02 5.891620111053622714e-20
3.134399999999895954e+02 5.910558438818391621e-20
3.134499999999895863e+02 5.929005133071962542e-20
3.134599999999895772e+02 5.946767890891523008e-20
3.134699999999895681e+02 5.963661459176896331e-20
3.134799999999895590e+02 5.979510513294186891e-20
3.134899999999895499e+02 5.994152316527371591e-20
3.134999999999895408e+02 6.007439107051459362e-20
3.135099999999895317e+02 6.019240165998305543e-20
3.135199999999895226e+02 6.029443528091126963e-20
3.135299999999895135e+02 6.037957305002516646e-20
3.135399999999895044e+02 6.044710600891443535e-20
3.135499999999894953e+02 6.049654009175415947e-20
3.135599999999894862e+02 6.052759689325185515e-20
3.135699999999894771e+02 6.054021032022410570e-20
3.135799999999894681e+02 6.053451930211590747e-20
3.135899999999894590e+02 6.051085682158555801e-20
3.135999999999894499e+02 6.046973560392598314e-20
3.136099999999894408e+02 6.041183087218562760e-20
3.136199999999894317e+02 6.033796063142822459e-20
3.136299999999894226e+02 6.024906398987836646e-20
3.136399999999894135e+02 6.014617805570958212e-20
3.136499999999894044e+02 6.003041396555788251e-20
3.136599999999893953e+02 5.990293260437980270e-20
3.136699999999893862e+02 5.976492056630298492e-20
3.136799999999893771e+02 5.961756688310558901e-20
3.136899999999893680e+02 5.946204101200196297e-20
3.136999999999893589e+02 5.929947252842735889e-20
3.137099999999893498e+02 5.913093291421976722e-20
3.137199999999893407e+02 5.895741976827183616e-20
3.137299999999893316e+02 5.877984369746214356e-20
3.137399999999893225e+02 5.859901807206581786e-20
3.137499999999893134e+02 5.841565175405518879e-20
3.137599999999893043e+02 5.823034483041518401e-20
3.137699999999892952e+02 5.804358730899550983e-20
3.137799999999892862e+02 5.785576066295467928e-20
3.137899999999892771e+02 5.766714204353969002e-20
3.137999999999892680e+02 5.747791092101218902e-20
3.138099999999892589e+02 5.728815786140413900e-20
3.138199999999892498e+02 5.709789510358078474e-20
3.138299999999892407e+02 5.690706856746845646e-20
3.138399999999892316e+02 5.671557090110182953e-20
3.138499999999892225e+02 5.652325516132548791e-20
3.138599999999892134e+02 5.632994872098978410e-20
3.138699999999892043e+02 5.613546700369025324e-20
3.138799999999891952e+02 5.593962666542980469e-20
3.138899999999891861e+02 5.574225786996074289e-20
3.138999999999891770e+02 5.554321534047912123e-20
3.139099999999891679e+02 5.534238791332674067e-20
3.139199999999891588e+02 5.513970636850237061e-20
3.139299999999891497e+02 5.493514936545310519e-20
3.139399999999891406e+02 5.472874736960356713e-20
3.139499999999891315e+02 5.452058451365380987e-20
3.139599999999891224e+02 5.431079839660098061e-20
3.139699999999891133e+02 5.409957788085752031e-20
3.139799999999891043e+02 5.388715900271748456e-20
3.139899999999890952e+02 5.367381916210433665e-20
3.139999999999890861e+02 5.345986980291651443e-20
3.140099999999890770e+02 5.324564783427482796e-20
3.140199999999890679e+02 5.303150607470563928e-20
3.140299999999890588e+02 5.281780302489276118e-20
3.140399999999890497e+02 5.260489228979990077e-20
3.140499999999890406e+02 5.239311197722130339e-20
3.140599999999890315e+02 5.218277439718466363e-20
3.140699999999890224e+02 5.197415637528904413e-20
3.140799999999890133e+02 5.176749047326418597e-20
3.140899999999890042e+02 5.156295738259877403e-20
3.140999999999889951e+02 5.136067972241499115e-20
3.141099999999889860e+02 5.116071743230293673e-20
3.141199999999889769e+02 5.096306490534691562e-20
3.141299999999889678e+02 5.076764995723881494e-20
3.141399999999889587e+02 5.057433467609038881e-20
3.141499999999889496e+02 5.038291814485171735e-20
3.141599999999889405e+02 5.019314097636815943e-20
3.141699999999889314e+02 5.000469155093488674e-20
3.141799999999889224e+02 4.981721379927780873e-20
3.141899999999889133e+02 4.963031633150528772e-20
3.141999999999889042e+02 4.944358267582174053e-20
3.142099999999888951e+02 4.925658236062818904e-20
3.142199999999888860e+02 4.906888255107546032e-20
3.142299999999888769e+02 4.888005993641684705e-20
3.142399999999888678e+02 4.868971255849866732e-20
3.142499999999888587e+02 4.849747127409476882e-20
3.142599999999888496e+02 4.830301055487051814e-20
3.142699999999888405e+02 4.810605834778089760e-20
3.142799999999888314e+02 4.790640474563260346e-20
3.142899999999888223e+02 4.770390925100157887e-20
3.142999999999888132e+02 4.749850645617214851e-20
3.143099999999888041e+02 4.729021000589415628e-20
3.143199999999887950e+02 4.707911475717169766e-20
3.143299999999887859e+02 4.686539709983470061e-20
3.143399999999887768e+02 4.664931345167267366e-20
3.143499999999887677e+02 4.643119699091198307e-20
3.143599999999887586e+02 4.621145273559666281e-20
3.143699999999887496e+02 4.599055112236039117e-20
3.143799999999887405e+02 4.576902027497937666e-20
3.143899999999887314e+02 4.554743718496669007e-20
3.143999999999887223e+02 4.532641805125020633e-20
3.144099999999887132e+02 4.510660804305820490e-20
3.144199999999887041e+02 4.488867075902681828e-20
3.144299999999886950e+02 4.467327765613236522e-20
3.144399999999886859e+02 4.446109771418645052e-20
3.144499999999886768e+02 4.425278758599581000e-20
3.144599999999886677e+02 4.404898246012056230e-20
3.144699999999886586e+02 4.385028783346736919e-20
3.144799999999886495e+02 4.365727235580630241e-20
3.144899999999886404e+02 4.347046186871747347e-20
3.144999999999886313e+02 4.329033471903731996e-20
3.145099999999886222e+02 4.311731838281931190e-20
3.145199999999886131e+02 4.295178739178430583e-20
3.145299999999886040e+02 4.279406251163266921e-20
3.145399999999885949e+02 4.264441108186117375e-20
3.145499999999885858e+02 4.250304839114440911e-20
3.145599999999885767e+02 4.237013993226486975e-20
3.145699999999885677e+02 4.224580435673733278e-20
3.145799999999885586e+02 4.213011693265752087e-20
3.145899999999885495e+02 4.202311330033879353e-20
3.145999999999885404e+02 4.192479331919310972e-20
3.146099999999885313e+02 4.183512480617961894e-20
3.146199999999885222e+02 4.175404698048370082e-20
3.146299999999885131e+02 4.168147345049988500e-20
3.146399999999885040e+02 4.161729460676242594e-20
3.146499999999884949e+02 4.156137931714862331e-20
3.146599999999884858e+02 4.151357585732534573e-20
3.146699999999884767e+02 4.147371204852098914e-20
3.146799999999884676e+02 4.144159461499117357e-20
3.146899999999884585e+02 4.141700781331541333e-20
3.146999999999884494e+02 4.139971142356715514e-20
3.147099999999884403e+02 4.138943822702190753e-20
3.147199999999884312e+02 4.138589112491253326e-20
3.147299999999884221e+02 4.138874007695182868e-20
3.147399999999884130e+02 4.139761905569205507e-20
3.147499999999884039e+02 4.141212322287859063e-20
3.147599999999883948e+02 4.143180653595655680e-20
3.147699999999883858e+02 4.145617998720371692e-20
3.147799999999883767e+02 4.148471066408751052e-20
3.147899999999883676e+02 4.151682179838022715e-20
3.147999999999883585e+02 4.155189394364156083e-20
3.148099999999883494e+02 4.158926738695978479e-20
3.148199999999883403e+02 4.162824586253612350e-20
3.148299999999883312e+02 4.166810159293643651e-20
3.148399999999883221e+02 4.170808164038444036e-20
3.148499999999883130e+02 4.174741550644092093e-20
3.148599999999883039e+02 4.178532387569075540e-20
3.148699999999882948e+02 4.182102835901819162e-20
3.148799999999882857e+02 4.185376205586451090e-20
3.148899999999882766e+02 4.188278072430026770e-20
3.148999999999882675e+02 4.190737432322325163e-20
3.149099999999882584e+02 4.192687867391618052e-20
3.149199999999882493e+02 4.194068697879202361e-20
3.149299999999882402e+02 4.194826093380993541e-20
3.149399999999882311e+02 4.194914117776065440e-20
3.149499999999882220e+02 4.194295683620905037e-20
3.149599999999882129e+02 4.192943393955890446e-20
3.149699999999882039e+02 4.190840252278863390e-20
3.149799999999881948e+02 4.187980224803827914e-20
3.149899999999881857e+02 4.184368642864400275e-20
3.149999999999881766e+02 4.180022437377653064e-20
3.150099999999881675e+02 4.174970201438586779e-20
3.150199999999881584e+02 4.169252081289924881e-20
3.150299999999881493e+02 4.162919499892406650e-20
3.150399999999881402e+02 4.156034721044579248e-20
3.150499999999881311e+02 4.148670265278722224e-20
3.150599999999881220e+02 4.140908191541593459e-20
3.150699999999881129e+02 4.132839260836740400e-20
3.150799999999881038e+02 4.124561999535146578e-20
3.150899999999880947e+02 4.116181680887383705e-20
3.150999999999880856e+02 4.107809243435454519e-20
3.151099999999880765e+02 4.099560164524236156e-20
3.151199999999880674e+02 4.091553306015515619e-20
3.151299999999880583e+02 4.083909747695978684e-20
3.151399999999880492e+02 4.076751621845856882e-20
3.151499999999880401e+02 4.070200960099367950e-20
3.151599999999880310e+02 4.064378561238858616e-20
3.151699999999880220e+02 4.059402886025843475e-20
3.151799999999880129e+02 4.055388982748213046e-20
3.151899999999880038e+02 4.052447444961282565e-20
3.151999999999879947e+02 4.050683401058418953e-20
3.152099999999879856e+02 4.050195533911272789e-20
3.152199999999879765e+02 4.051075127963071549e-20
3.152299999999879674e+02 4.053405140890397486e-20
3.152399999999879583e+02 4.057259297297161107e-20
3.152499999999879492e+02 4.062701202864873862e-20
3.152599999999879401e+02 4.069783478931750266e-20
3.152699999999879310e+02 4.078546919525713860e-20
3.152799999999879219e+02 4.089019675363571885e-20
3.152899999999879128e+02 4.101216472127826719e-20
3.152999999999879037e+02 4.115137873281205279e-20
3.153099999999878946e+02 4.130769600677969300e-20
3.153199999999878855e+02 4.148081929054958139e-20
3.153299999999878764e+02 4.167029173022032732e-20
3.153399999999878673e+02 4.187549287229142128e-20
3.153499999999878582e+02 4.209563601816257798e-20
3.153599999999878492e+02 4.232976715950941874e-20
3.153699999999878401e+02 4.257676572061682222e-20
3.153799999999878310e+02 4.283534732272687649e-20
3.153899999999878219e+02 4.310406876416867841e-20
3.153999999999878128e+02 4.338133537915791284e-20
3.154099999999878037e+02 4.366541089722691094e-20
3.154199999999877946e+02 4.395442987571805867e-20
3.154299999999877855e+02 4.424641271998918465e-20
3.154399999999877764e+02 4.453928324210200344e-20
3.154499999999877673e+02 4.483088863994139087e-20
3.154599999999877582e+02 4.511902170751009174e-20
3.154699999999877491e+02 4.540144501536445383e-20
3.154799999999877400e+02 4.567591673062568619e-20
3.154899999999877309e+02 4.594021768075202324e-20
3.154999999999877218e+02 4.619217920711507234e-20
3.155099999999877127e+02 4.642971130522832437e-20
3.155199999999877036e+02 4.665083051082405667e-20
3.155299999999876945e+02 4.685368696615384586e-20
3.155399999999876854e+02 4.703659009087983121e-20
3.155499999999876763e+02 4.719803228722676074e-20
3.155599999999876673e+02 4.733671013060695644e-20
3.155699999999876582e+02 4.745154253477202989e-20
3.155799999999876491e+02 4.754168543373291839e-20
3.155899999999876400e+02 4.760654259103676873e-20
3.155999999999876309e+02 4.764577222813853022e-20
3.156099999999876218e+02 4.765928925623693877e-20
3.156199999999876127e+02 4.764726299731638361e-20
3.156299999999876036e+02 4.761011038761556376e-20
3.156399999999875945e+02 4.754848476732748890e-20
3.156499999999875854e+02 4.746326047080099714e-20
3.156599999999875763e+02 4.735551353860353938e-20
3.156699999999875672e+02 4.722649897336026792e-20
3.156799999999875581e+02 4.707762505200156339e-20
3.156899999999875490e+02 4.691042528532047551e-20
3.156999999999875399e+02 4.672652867876111649e-20
3.157099999999875308e+02 4.652762899429282444e-20
3.157199999999875217e+02 4.631545374012281256e-20
3.157299999999875126e+02 4.609173362214647809e-20
3.157399999999875035e+02 4.585817317766745348e-20
3.157499999999874944e+02 4.561642327834347583e-20
3.157599999999874854e+02 4.536805613637271958e-20
3.157699999999874763e+02 4.511454337676607150e-20
3.157799999999874672e+02 4.485723765145623054e-20
3.157899999999874581e+02 4.459735817010241774e-20
3.157999999999874490e+02 4.433598041103658913e-20
3.158099999999874399e+02 4.407403015675699950e-20
3.158199999999874308e+02 4.381228187560341334e-20
3.158299999999874217e+02 4.355136134809734066e-20
3.158399999999874126e+02 4.329175231687793669e-20
3.158499999999874035e+02 4.303380682652883936e-20
3.158599999999873944e+02 4.277775881754955221e-20
3.158699999999873853e+02 4.252374045020453932e-20
3.158799999999873762e+02 4.227180056165211354e-20
3.158899999999873671e+02 4.202192460593174038e-20
3.158999999999873580e+02 4.177405539245335624e-20
3.159099999999873489e+02 4.152811392593106814e-20
3.159199999999873398e+02 4.128401965903267157e-20
3.159299999999873307e+02 4.104170949865955446e-20
3.159399999999873216e+02 4.080115495620717335e-20
3.159499999999873125e+02 4.056237690009627771e-20
3.159599999999873035e+02 4.032545745301768818e-20
3.159699999999872944e+02 4.009054867393007924e-20
3.159799999999872853e+02 3.985787777289364047e-20
3.159899999999872762e+02 3.962774872204801481e-20
3.159999999999872671e+02 3.940054024361051662e-20
3.160099999999872580e+02 3.930322421119836515e-20
3.160199999999872489e+02 3.899572548139068354e-20
3.160299999999872398e+02 3.868324256253073943e-20
3.160399999999872307e+02 3.837778214892289688e-20
3.160499999999872216e+02 3.809031751143145099e-20
3.160599999999872125e+02 3.782850341185235060e-20
3.160699999999872034e+02 3.759535311034639065e-20
3.160799999999871943e+02 3.738916443809899396e-20
3.160899999999871852e+02 3.720462573812493523e-20
3.160999999999871761e+02 3.703472274992656190e-20
3.161099999999871670e+02 3.687288592803011387e-20
3.161199999999871579e+02 3.671480313586748995e-20
3.161299999999871488e+02 3.655946389096039501e-20
3.161399999999871397e+02 3.640924456923844883e-20
3.161499999999871306e+02 3.626911204186922219e-20
3.161599999999871216e+02 3.614523977966910302e-20
3.161699999999871125e+02 3.604344180961959533e-20
3.161799999999871034e+02 3.596781821852233903e-20
3.161899999999870943e+02 3.591989074581025477e-20
3.161999999999870852e+02 3.589833569666673963e-20
3.162099999999870761e+02 3.589925189719627246e-20
3.162199999999870670e+02 3.591678358040947705e-20
3.162299999999870579e+02 3.594387913780152872e-20
3.162399999999870488e+02 3.597300487264469440e-20
3.162499999999870397e+02 3.599672103695202890e-20
3.162599999999870306e+02 3.600812425936291517e-20
3.162699999999870215e+02 3.600122597643948831e-20
3.162799999999870124e+02 3.597134599467730256e-20
3.162899999999870033e+02 3.591555274431037285e-20
3.162999999999869942e+02 3.583309949377620762e-20
3.163099999999869851e+02 3.572572623433480906e-20
3.163199999999869760e+02 3.559765896229841025e-20
3.163299999999869669e+02 3.545516739334919916e-20
3.163399999999869578e+02 3.530564087886726917e-20
3.163499999999869488e+02 3.515628630202804061e-20
3.163599999999869397e+02 3.501269676795338527e-20
3.163699999999869306e+02 3.487763513901814156e-20
3.163799999999869215e+02 3.475038121700913032e-20
3.163899999999869124e+02 3.462688976409552418e-20
3.163999999999869033e+02 3.450081524770451926e-20
3.164099999999868942e+02 3.436522524576718776e-20
3.164199999999868851e+02 3.421461331880177781e-20
3.164299999999868760e+02 3.404669900867495160e-20
3.164399999999868669e+02 3.386351231027048575e-20
3.164499999999868578e+02 3.367141178405442659e-20
3.164599999999868487e+02 3.347994771619485310e-20
3.164699999999868396e+02 3.329978817863522028e-20
3.164799999999868305e+02 3.314019303754893942e-20
3.164899999999868214e+02 3.300667154814467445e-20
3.164999999999868123e+02 3.289944469076907732e-20
3.165099999999868032e+02 3.281314969370969197e-20
3.165199999999867941e+02 3.273791459117042385e-20
3.165299999999867850e+02 3.266157551656808954e-20
3.165399999999867759e+02 3.257250448997621375e-20
3.165499999999867669e+02 3.246234520554369604e-20
3.165599999999867578e+02 3.232796779211371405e-20
3.165699999999867487e+02 3.217214974391490829e-20
3.165799999999867396e+02 3.200281774513578190e-20
3.165899999999867305e+02 3.183105592748524902e-20
3.165999999999867214e+02 3.166840012297606332e-20
3.166099999999867123e+02 3.152411081081215495e-20
3.166199999999867032e+02 3.140310510599134676e-20
3.166299999999866941e+02 3.130503733992725250e-20
3.166399999999866850e+02 3.122470454245902470e-20
3.166499999999866759e+02 3.115360578022262338e-20
3.166599999999866668e+02 3.108219789949675376e-20
3.166699999999866577e+02 3.100223956594403360e-20
3.166799999999866486e+02 3.090863464790317334e-20
3.166899999999866395e+02 3.080036012421041166e-20
3.166999999999866304e+02 3.068033536910649688e-20
3.167099999999866213e+02 3.055437725813586728e-20
3.167199999999866122e+02 3.042960802519541101e-20
3.167299999999866031e+02 3.031278327187717654e-20
3.167399999999865940e+02 3.020896848091757286e-20
3.167499999999865850e+02 3.012083849230175427e-20
3.167599999999865759e+02 3.004866243623859870e-20
3.167699999999865668e+02 2.999083611184948350e-20
3.167799999999865577e+02 2.994469477226748129e-20
3.167899999999865486e+02 2.990731406916528753e-20
3.167999999999865395e+02 2.987608165542771411e-20
3.168099999999865304e+02 2.984895999203118011e-20
3.168199999999865213e+02 2.982450669606570789e-20
3.168299999999865122e+02 2.980181738177440695e-20
3.168399999999865031e+02 2.978057183655763469e-20
3.168499999999864940e+02 2.976129319874950766e-20
3.168599999999864849e+02 2.974579961247231009e-20
3.168699999999864758e+02 2.973768930937376446e-20
3.168799999999864667e+02 2.974260908429491363e-20
3.168899999999864576e+02 2.976805435486706976e-20
3.168999999999864485e+02 2.982254883330178436e-20
3.169099999999864394e+02 2.991423074332399196e-20
3.169199999999864303e+02 3.004907860539948471e-20
3.169299999999864212e+02 3.022917706905854258e-20
3.169399999999864121e+02 3.045149281456215187e-20
3.169499999999864031e+02 3.070756869711169596e-20
3.169599999999863940e+02 3.098435538041870962e-20
3.169699999999863849e+02 3.126612668381576848e-20
3.169799999999863758e+02 3.153713859350661008e-20
3.169899999999863667e+02 3.178447158016525505e-20
3.169999999999863576e+02 3.200040652543133127e-20
3.170099999999863485e+02 3.218375787994643431e-20
3.170199999999863394e+02 3.233981201990312897e-20
3.170299999999863303e+02 3.247884122887201904e-20
3.170399999999863212e+02 3.261350376958904723e-20
3.170499999999863121e+02 3.275571139856395982e-20
3.170599999999863030e+02 3.291367774381485240e-20
3.170699999999862939e+02 3.308982020269382823e-20
3.170799999999862848e+02 3.327998494634232825e-20
3.170899999999862757e+02 3.347415113275377520e-20
3.170999999999862666e+02 3.365842564097628372e-20
3.171099999999862575e+02 3.381784879114100339e-20
3.171199999999862484e+02 3.393936382822983699e-20
3.171299999999862393e+02 3.401429435099837215e-20
3.171399999999862303e+02 3.403981908591992128e-20
3.171499999999862212e+02 3.401918915686665059e-20
3.171599999999862121e+02 3.396073097685376029e-20
3.171699999999862030e+02 3.387594361029532947e-20
3.171799999999861939e+02 3.377717167182873982e-20
3.171899999999861848e+02 3.367538025202680712e-20
3.171999999999861757e+02 3.357847807068946932e-20
3.172099999999861666e+02 3.349046139184428873e-20
3.172199999999861575e+02 3.341143664357279282e-20
3.172299999999861484e+02 3.333838116617145085e-20
3.172399999999861393e+02 3.326636519231863901e-20
3.172499999999861302e+02 3.318990828565371147e-20
3.172599999999861211e+02 3.310417846296469318e-20
3.172699999999861120e+02 3.300583838224142244e-20
3.172799999999861029e+02 3.289346394467715528e-20
3.172899999999860938e+02 3.276756953490078619e-20
3.172999999999860847e+02 3.263034430590710875e-20
3.173099999999860756e+02 3.248522555320010607e-20
3.173199999999860665e+02 3.233641571389232291e-20
3.173299999999860574e+02 3.218840842566540084e-20
3.173399999999860484e+02 3.204554953523170983e-20
3.173499999999860393e+02 3.191163875765190772e-20
3.173599999999860302e+02 3.178958304541692388e-20
3.173699999999860211e+02 3.168113663033925266e-20
3.173799999999860120e+02 3.158678844479457444e-20
3.173899999999860029e+02 3.150586595495480045e-20
3.173999999999859938e+02 3.143690175783057354e-20
3.174099999999859847e+02 3.137825397514841116e-20
3.174199999999859756e+02 3.132889587983831498e-20
3.174299999999859665e+02 3.128921754439275446e-20
3.174399999999859574e+02 3.126163930415128753e-20
3.174499999999859483e+02 3.125084435687772602e-20
3.174599999999859392e+02 3.126350285755423648e-20
3.174699999999859301e+02 3.130747152777235079e-20
3.174799999999859210e+02 3.139058402966835523e-20
3.174899999999859119e+02 3.151926211752893969e-20
3.174999999999859028e+02 3.169724147479891442e-20
3.175099999999858937e+02 3.192469721535046545e-20
3.175199999999858846e+02 3.219797029643756641e-20
3.175299999999858755e+02 3.250995725153180401e-20
3.175399999999858665e+02 3.285106814099082466e-20
3.175499999999858574e+02 3.321052434673406370e-20
3.175599999999858483e+02 3.357769559626517929e-20
3.175699999999858392e+02 3.394318400723727166e-20
3.175799999999858301e+02 3.429944837304581336e-20
3.175899999999858210e+02 3.464089842491042703e-20
3.175999999999858119e+02 3.496353589469655859e-20
3.176099999999858028e+02 3.526433403207843247e-20
3.176199999999857937e+02 3.554059764228634440e-20
3.176299999999857846e+02 3.578951992082501221e-20
3.176399999999857755e+02 3.600806229020870145e-20
3.176499999999857664e+02 3.619316062080316758e-20
3.176599999999857573e+02 3.634214652090788107e-20
3.176699999999857482e+02 3.645320286002585919e-20
3.176799999999857391e+02 3.652566968056441371e-20
3.176899999999857300e+02 3.656007900982773815e-20
3.176999999999857209e+02 3.655790173229608714e-20
3.177099999999857118e+02 3.652109936959414206e-20
3.177199999999857027e+02 3.645164937550031198e-20
3.177299999999856936e+02 3.635122685031866865e-20
3.177399999999856846e+02 3.622117181003494236e-20
3.177499999999856755e+02 3.606276630781718851e-20
3.177599999999856664e+02 3.587772520594200997e-20
3.177699999999856573e+02 3.566871055852065087e-20
3.177799999999856482e+02 3.543964746771594302e-20
3.177899999999856391e+02 3.519566454765493277e-20
3.177999999999856300e+02 3.494259478815696378e-20
3.178099999999856209e+02 3.468611917782582249e-20
3.178199999999856118e+02 3.443076893418492209e-20
3.178299999999856027e+02 3.417907696484019656e-20
3.178399999999855936e+02 3.393115604641763585e-20
3.178499999999855845e+02 3.368487778819733687e-20
3.178599999999855754e+02 3.343665938214300949e-20
3.178699999999855663e+02 3.318268301002799855e-20
3.178799999999855572e+02 3.292023170892083084e-20
3.178899999999855481e+02 3.264877174921742814e-20
3.178999999999855390e+02 3.237046652936496647e-20
3.179099999999855299e+02 3.208995933211057111e-20
3.179199999999855208e+02 3.181347016062565422e-20
3.179299999999855117e+02 3.154745459284170293e-20
3.179399999999855027e+02 3.129720861738369585e-20
3.179499999999854936e+02 3.106582918518786807e-20
3.179599999999854845e+02 3.085384405671901912e-20
3.179699999999854754e+02 3.065963122503986744e-20
3.179799999999854663e+02 3.048051255399714470e-20
3.179899999999854572e+02 3.031419741249397420e-20
3.179999999999854481e+02 3.016013304416773200e-20
3.180099999999854390e+02 3.002032712109171063e-20
3.180199999999854299e+02 2.989934538473831739e-20
3.180299999999854208e+02 2.980341654807787078e-20
3.180399999999854117e+02 2.973883317480180351e-20
3.180499999999854026e+02 2.971004754157292339e-20
3.180599999999853935e+02 2.971796448791663763e-20
3.180699999999853844e+02 2.975889831804414287e-20
3.180799999999853753e+02 2.982449669546201150e-20
3.180899999999853662e+02 2.990268676344884424e-20
3.180999999999853571e+02 2.997943652699625275e-20
3.181099999999853480e+02 3.004092031432818928e-20
3.181199999999853389e+02 3.007558585219965615e-20
3.181299999999853299e+02 3.007566410565181473e-20
3.181399999999853208e+02 3.003782496612322282e-20
3.181499999999853117e+02 2.996291280966375534e-20
3.181599999999853026e+02 2.985492909150309633e-20
3.181699999999852935e+02 2.971960013528225315e-20
3.181799999999852844e+02 2.956293375276655985e-20
3.181899999999852753e+02 2.939011762570656223e-20
3.181999999999852662e+02 2.920496907594471497e-20
3.182099999999852571e+02 2.900995905139592750e-20
3.182199999999852480e+02 2.880666150248495943e-20
3.182299999999852389e+02 2.859637283173625384e-20
3.182399999999852298e+02 2.838063146837184683e-20
3.182499999999852207e+02 2.816144137788295503e-20
3.182599999999852116e+02 2.794113460073826383e-20
3.182699999999852025e+02 2.772194964939880136e-20
3.182799999999851934e+02 2.750550724085881653e-20
3.182899999999851843e+02 2.729239959983564019e-20
3.182999999999851752e+02 2.708206622743775446e-20
3.183099999999851661e+02 2.687302556309341023e-20
3.183199999999851570e+02 2.666340561634910022e-20
3.183299999999851480e+02 2.645161102144253187e-20
3.183399999999851389e+02 2.623691450165469721e-20
3.183499999999851298e+02 2.601978322859689329e-20
3.183599999999851207e+02 2.580183649417836177e-20
3.183699999999851116e+02 2.558545099629431548e-20
3.183799999999851025e+02 2.537314361080874529e-20
3.183899999999850934e+02 2.516693124286150789e-20
3.183999999999850843e+02 2.496787074800363194e-20
3.184099999999850752e+02 2.477591875921774285e-20
3.184199999999850661e+02 2.459014331170108571e-20
3.184299999999850570e+02 2.440920270482664440e-20
3.184399999999850479e+02 2.423192074156997632e-20
3.184499999999850388e+02 2.405775961584068398e-20
3.184599999999850297e+02 2.388703095531721347e-20
3.184699999999850206e+02 2.372077826230173600e-20
3.184799999999850115e+02 2.356037896652645852e-20
3.184899999999850024e+02 2.340701297353540916e-20
3.184999999999849933e+02 2.326119382248894310e-20
3.185099999999849842e+02 2.312254146379711043e-20
3.185199999999849751e+02 2.298989708774190605e-20
3.185299999999849661e+02 2.286176542686118602e-20
3.185399999999849570e+02 2.273695568159818255e-20
3.185499999999849479e+02 2.261521602372929708e-20
3.185599999999849388e+02 2.249764408502027529e-20
3.185699999999849297e+02 2.238671257280584281e-20
3.185799999999849206e+02 2.228585904179275392e-20
3.185899999999849115e+02 2.219871902413791178e-20
3.185999999999849024e+02 2.212819277173766285e-20
3.186099999999848933e+02 2.207559398727709754e-20
3.186199999999848842e+02 2.204011617295155973e-20
3.186299999999848751e+02 2.201877181503561434e-20
3.186399999999848660e+02 2.200683468401194345e-20
3.186499999999848569e+02 2.199868193945113333e-20
3.186599999999848478e+02 2.198882828811786472e-20
3.186699999999848387e+02 2.197289780471425877e-20
3.186799999999848296e+02 2.194830167054083873e-20
3.186899999999848205e+02 2.191447362906730670e-20
3.186999999999848114e+02 2.187263432391375276e-20
3.187099999999848023e+02 2.182517695778597273e-20
3.187199999999847932e+02 2.177485711424454389e-20
3.187299999999847842e+02 2.172400657660923431e-20
3.187399999999847751e+02 2.167396790301480113e-20
3.187499999999847660e+02 2.162487341418774257e-20
3.187599999999847569e+02 2.157579195951492612e-20
3.187699999999847478e+02 2.152516783583305293e-20
3.187799999999847387e+02 2.147140455557434581e-20
3.187899999999847296e+02 2.141341857817272338e-20
3.187999999999847205e+02 2.135100851695013128e-20
3.188099999999847114e+02 2.128494482162979494e-20
3.188199999999847023e+02 2.121676530962811398e-20
3.188299999999846932e+02 2.114834117457939586e-20
3.188399999999846841e+02 2.108133632505365680e-20
3.188499999999846750e+02 2.101670698629356290e-20
3.188599999999846659e+02 2.095437463060578012e-20
3.188699999999846568e+02 2.089315900938407775e-20
3.188799999999846477e+02 2.083099204883441512e-20
3.188899999999846386e+02 2.076536404912126166e-20
3.188999999999846295e+02 2.069389720685425649e-20
3.189099999999846204e+02 2.061491053823941580e-20
3.189199999999846113e+02 2.052784134074733469e-20
3.189299999999846023e+02 2.043342080363995920e-20
3.189399999999845932e+02 2.033355787465699266e-20
3.189499999999845841e+02 2.023095340508524239e-20
3.189599999999845750e+02 2.012853065843874044e-20
3.189699999999845659e+02 2.002881368925490786e-20
3.189799999999845568e+02 1.993340077403733987e-20
3.189899999999845477e+02 1.984266124758599312e-20
3.189999999999845386e+02 1.975573383555469800e-20
3.190099999999845295e+02 1.967083359614352576e-20
3.190199999999845204e+02 1.958579922851353676e-20
3.190299999999845113e+02 1.949875111819310783e-20
3.190399999999845022e+02 1.940869896472599955e-20
3.190499999999844931e+02 1.931594539611762229e-20
3.190599999999844840e+02 1.922217835441374307e-20
3.190699999999844749e+02 1.913021998887435009e-20
3.190799999999844658e+02 1.904348523974465807e-20
3.190899999999844567e+02 1.896527773485579987e-20
3.190999999999844476e+02 1.889809469286994178e-20
3.191099999999844385e+02 1.884311423487381226e-20
3.191199999999844295e+02 1.879999661002506064e-20
3.191299999999844204e+02 1.876705539970274876e-20
3.191399999999844113e+02 1.874176460811736024e-20
3.191499999999844022e+02 1.872148534518475665e-20
3.191599999999843931e+02 1.870424210186094033e-20
3.191699999999843840e+02 1.868936649173920806e-20
3.191799999999843749e+02 1.867785817268696380e-20
3.191899999999843658e+02 1.867237985428650912e-20
3.191999999999843567e+02 1.867688881423206371e-20
3.192099999999843476e+02 1.869599038538661562e-20
3.192199999999843385e+02 1.873416016459730396e-20
3.192299999999843294e+02 1.879500803353137914e-20
3.192399999999843203e+02 1.888074399491364636e-20
3.192499999999843112e+02 1.899195787789613836e-20
3.192599999999843021e+02 1.912775394562240040e-20
3.192699999999842930e+02 1.928620318843096063e-20
3.192799999999842839e+02 1.946500691035723417e-20
3.192899999999842748e+02 1.966221873572106072e-20
3.192999999999842657e+02 1.987685713895742568e-20
3.193099999999842566e+02 2.010925985775266097e-20
3.193199999999842476e+02 2.036108184302691253e-20
3.193299999999842385e+02 2.063491100622028865e-20
3.193399999999842294e+02 2.093355789620863510e-20
3.193499999999842203e+02 2.125915091943302849e-20
3.193599999999842112e+02 2.161222188843344064e-20
3.193699999999842021e+02 2.199098428605826299e-20
3.193799999999841930e+02 2.239098122473913095e-20
3.193899999999841839e+02 2.280521274785969169e-20
3.193999999999841748e+02 2.322475379985668907e-20
3.194099999999841657e+02 2.363976476204110447e-20
3.194199999999841566e+02 2.404070119414276107e-20
3.194299999999841475e+02 2.441947324073257714e-20
3.194399999999841384e+02 2.477030580155684262e-20
3.194499999999841293e+02 2.509011272439239611e-20
3.194599999999841202e+02 2.537831060504830037e-20
3.194699999999841111e+02 2.563613416617743096e-20
3.194799999999841020e+02 2.586564063528916881e-20
3.194899999999840929e+02 2.606867038196511866e-20
3.194999999999840838e+02 2.624604108898233200e-20
3.195099999999840747e+02 2.639718712687554013e-20
3.195199999999840657e+02 2.652033028144603576e-20
3.195299999999840566e+02 2.661311651331118287e-20
3.195399999999840475e+02 2.667351914058763669e-20
3.195499999999840384e+02 2.670073149202826715e-20
3.195599999999840293e+02 2.669577579767105781e-20
3.195699999999840202e+02 2.666164025211574284e-20
3.195799999999840111e+02 2.660289836816813868e-20
3.195899999999840020e+02 2.652492135604033543e-20
3.195999999999839929e+02 2.643291727859419005e-20
3.196099999999839838e+02 2.633108158546786860e-20
3.196199999999839747e+02 2.622210569193480839e-20
3.196299999999839656e+02 2.610717471764165497e-20
3.196399999999839565e+02 2.598642842674762944e-20
3.196499999999839474e+02 2.585971080612406039e-20
3.196599999999839383e+02 2.572734164420433319e-20
3.196699999999839292e+02 2.559063843180233177e-20
3.196799999999839201e+02 2.545200154215805543e-20
3.196899999999839110e+02 2.531452331060281110e-20
3.196999999999839019e+02 2.518124453259448351e-20
3.197099999999838928e+02 2.505430639352734459e-20
3.197199999999838838e+02 2.493429002407368646e-20
3.197299999999838747e+02 2.481998364112093567e-20
3.197399999999838656e+02 2.470868413822288600e-20
3.197499999999838565e+02 2.459696869456239586e-20
3.197599999999838474e+02 2.448171860895534514e-20
3.197699999999838383e+02 2.436109331893650884e-20
3.197799999999838292e+02 2.423516651812277932e-20
3.197899999999838201e+02 2.410604527683250489e-20
3.197999999999838110e+02 2.397746209919553297e-20
3.198099999999838019e+02 2.385400311083751311e-20
3.198199999999837928e+02 2.374025468643365826e-20
3.198299999999837837e+02 2.364017432725986781e-20
3.198399999999837746e+02 2.355690920312712798e-20
3.198499999999837655e+02 2.349312259038330228e-20
3.198599999999837564e+02 2.345169749341005596e-20
3.198699999999837473e+02 2.343653205546098507e-20
3.198799999999837382e+02 2.345307701914050312e-20
3.198899999999837291e+02 2.350831747021920981e-20
3.198999999999837200e+02 2.361005797473893464e-20
3.199099999999837109e+02 2.376558592109767172e-20
3.199199999999837019e+02 2.397999574869724340e-20
3.199299999999836928e+02 2.425459055194747300e-20
3.199399999999836837e+02 2.458579268569758424e-20
3.199499999999836746e+02 2.496488302093586515e-20
3.199599999999836655e+02 2.537868026288046922e-20
3.199699999999836564e+02 2.581102806893743941e-20
3.199799999999836473e+02 2.624475052743807034e-20
3.199899999999836382e+02 2.666362657623613492e-20
3.199999999999836291e+02 2.705395188166438801e-20
3.200099999999836200e+02 2.740539414603407230e-20
3.200199999999836109e+02 2.771106039536557672e-20
3.200299999999836018e+02 2.796691659435323528e-20
3.200399999999835927e+02 2.817086433840114948e-20
3.200499999999835836e+02 2.832183973068756985e-20
3.200599999999835745e+02 2.841924303228879636e-20
3.200699999999835654e+02 2.846285814297909882e-20
3.200799999999835563e+02 2.845323026540563339e-20
3.200899999999835472e+02 2.839230078450859023e-20
3.200999999999835381e+02 2.828400369683415564e-20
3.201099999999835291e+02 2.813453537936723685e-20
3.201199999999835200e+02 2.795211323922964972e-20
3.201299999999835109e+02 2.774620275324133618e-20
3.201399999999835018e+02 2.752636285708589885e-20
3.201499999999834927e+02 2.730098281067253120e-20
3.201599999999834836e+02 2.707622261116352962e-20
3.201699999999834745e+02 2.685541443633135558e-20
3.201799999999834654e+02 2.663905439110036753e-20
3.201899999999834563e+02 2.642535348285793259e-20
3.201999999999834472e+02 2.621117332374591916e-20
3.202099999999834381e+02 2.599308660812046901e-20
3.202199999999834290e+02 2.576829587019394333e-20
3.202299999999834199e+02 2.553521211758485623e-20
3.202399999999834108e+02 2.529361132055229922e-20
3.202499999999834017e+02 2.504441279036699108e-20
3.202599999999833926e+02 2.478922116469274846e-20
3.202699999999833835e+02 2.452981722084804052e-20
3.202799999999833744e+02 2.426776530237905636e-20
3.202899999999833653e+02 2.400423931586323198e-20
3.202999999999833562e+02 2.374008104858788921e-20
3.203099999999833472e+02 2.347602395729025265e-20
3.203199999999833381e+02 2.321296675956745098e-20
3.203299999999833290e+02 2.295217559411418284e-20
3.203399999999833199e+02 2.269532787071522739e-20
3.203499999999833108e+02 2.244436991468646716e-20
3.203599999999833017e+02 2.220122317207838188e-20
3.203699999999832926e+02 2.196742075611244914e-20
3.203799999999832835e+02 2.174377554357449223e-20
3.203899999999832744e+02 2.153017087439815706e-20
3.203999999999832653e+02 2.132553206210155045e-20
3.204099999999832562e+02 2.112799343461646442e-20
3.204199999999832471e+02 2.093523397039137635e-20
3.204299999999832380e+02 2.074492378855382446e-20
3.204399999999832289e+02 2.055520752120472406e-20
3.204499999999832198e+02 2.036514789388851546e-20
3.204599999999832107e+02 2.017506001896071046e-20
3.204699999999832016e+02 1.998668030770704418e-20
3.204799999999831925e+02 1.980313162353999899e-20
3.204899999999831834e+02 1.962866838302358101e-20
3.204999999999831743e+02 1.946821249748925352e-20
3.205099999999831653e+02 1.932672275975354592e-20
3.205199999999831562e+02 1.920847305128554459e-20
3.205299999999831471e+02 1.911634199303141801e-20
3.205399999999831380e+02 1.905123018080177813e-20
3.205499999999831289e+02 1.901171388500662748e-20
3.205599999999831198e+02 1.899401320039141483e-20
3.205699999999831107e+02 1.899230147267664575e-20
3.205799999999831016e+02 1.899932106013840261e-20
3.205899999999830925e+02 1.900721188845611824e-20
3.205999999999830834e+02 1.900841793529566991e-20
3.206099999999830743e+02 1.899652298226905730e-20
3.206199999999830652e+02 1.896688393196057215e-20
3.206299999999830561e+02 1.891697294890591863e-20
3.206399999999830470e+02 1.884639742824814302e-20
3.206499999999830379e+02 1.875662516636236147e-20
3.206599999999830288e+02 1.865048827323841589e-20
3.206699999999830197e+02 1.853156536037956092e-20
3.206799999999830106e+02 1.840354588972907444e-20
3.206899999999830015e+02 1.826966759422473036e-20
3.206999999999829924e+02 1.813229507662767649e-20
3.207099999999829834e+02 1.799268238941237917e-20
3.207199999999829743e+02 1.785093903971371187e-20
3.207299999999829652e+02 1.770619800805068670e-20
3.207399999999829561e+02 1.755696373025048460e-20
3.207499999999829470e+02 1.740159498243469653e-20
3.207599999999829379e+02 1.723885218045826615e-20
3.207699999999829288e+02 1.706841498601925710e-20
3.207799999999829197e+02 1.689126244281104537e-20
3.207899999999829106e+02 1.670981357981896408e-20
3.207999999999829015e+02 1.652775816593510752e-20
3.208099999999828924e+02 1.634956496586394492e-20
3.208199999999828833e+02 1.617972936258305454e-20
3.208299999999828742e+02 1.602189638338175327e-20
3.208399999999828651e+02 1.587804773662975124e-20
3.208499999999828560e+02 1.574795341293558100e-20
3.208599999999828469e+02 1.562904955148069006e-20
3.208699999999828378e+02 1.551681793716780943e-20
3.208799999999828287e+02 1.540562634877151481e-20
3.208899999999828196e+02 1.528987142042761237e-20
3.208999999999828106e+02 1.516517845826504633e-20
3.209099999999828015e+02 1.502938179513992832e-20
3.209199999999827924e+02 1.488304702264229708e-20
3.209299999999827833e+02 1.472939684994593468e-20
3.209399999999827742e+02 1.457364194282718603e-20
3.209499999999827651e+02 1.442186181585937463e-20
3.209599999999827560e+02 1.427969144932477255e-20
3.209699999999827469e+02 1.415111769006405790e-20
3.209799999999827378e+02 1.403766285454361019e-20
3.209899999999827287e+02 1.393813829094652044e-20
3.209999999999827196e+02 1.384901276517720202e-20
