# SO2 Cross section
# Source: Bogumil, K., Orphal, J., Homann, T., Voigt, S., Spietz, P., Fleischmann, O. C., Vogel, A., Hartmann, M., Kromminga, H., Bovensmann, H., Frerick, J., and Burrows, J. P.: Journal of Photochemistry and Photobiology A: Chemistry, 157, 167–184, https://doi.org/10.1016/S1010-6030(03)00062-5, 2003.
# Interpolated by cublic spline
# Wavelength (nm),       Absorption cross-section(cm2/molec)
3.020000000000000000e+02 6.399313811649921302e-19
3.020099999999999909e+02 6.577957508375884079e-19
3.020199999999999818e+02 6.754288710638407567e-19
3.020299999999999727e+02 6.927322815741527536e-19
3.020399999999999636e+02 7.096075220989284569e-19
3.020499999999999545e+02 7.259561323685713471e-19
3.020599999999999454e+02 7.416798891231862043e-19
3.020699999999999363e+02 7.567042863407875746e-19
3.020799999999999272e+02 7.709984275073513602e-19
3.020899999999999181e+02 7.845361003949212986e-19
3.020999999999999091e+02 7.972910927755422831e-19
3.021099999999999000e+02 8.092371924212586289e-19
3.021199999999998909e+02 8.203481871041151331e-19
3.021299999999998818e+02 8.305978645961562073e-19
3.021399999999998727e+02 8.399600126694259742e-19
3.021499999999998636e+02 8.484084190959692307e-19
3.021599999999998545e+02 8.559168716478306775e-19
3.021699999999998454e+02 8.624594112921815300e-19
3.021799999999998363e+02 8.680313521312459309e-19
3.021899999999998272e+02 8.726650554514656022e-19
3.021999999999998181e+02 8.763965982029508001e-19
3.022099999999998090e+02 8.792620573358112028e-19
3.022199999999997999e+02 8.812975098001576440e-19
3.022299999999997908e+02 8.825390325460996094e-19
3.022399999999997817e+02 8.830227025237481254e-19
3.022499999999997726e+02 8.827845966832126777e-19
3.022599999999997635e+02 8.818607919746035222e-19
3.022699999999997544e+02 8.802873653480311075e-19
3.022799999999997453e+02 8.781003936074399329e-19
3.022899999999997362e+02 8.753359431114799626e-19
3.022999999999997272e+02 8.720300629838514964e-19
3.023099999999997181e+02 8.682188007364691007e-19
3.023199999999997090e+02 8.639382038812480161e-19
3.023299999999996999e+02 8.592243199301030016e-19
3.023399999999996908e+02 8.541131963949492012e-19
3.023499999999996817e+02 8.486408807877008927e-19
3.023599999999996726e+02 8.428434206202735090e-19
3.023699999999996635e+02 8.367568634045820982e-19
3.023799999999996544e+02 8.304172566525413228e-19
3.023899999999996453e+02 8.238604203284501776e-19
3.023999999999996362e+02 8.171081880475844637e-19
3.024099999999996271e+02 8.101605206204178417e-19
3.024199999999996180e+02 8.030154744718738187e-19
3.024299999999996089e+02 7.956711060268765760e-19
3.024399999999995998e+02 7.881254717103502950e-19
3.024499999999995907e+02 7.803766279472191570e-19
3.024599999999995816e+02 7.724226311624066692e-19
3.024699999999995725e+02 7.642615377808371091e-19
3.024799999999995634e+02 7.558914042274343692e-19
3.024899999999995543e+02 7.473102869271230161e-19
3.024999999999995453e+02 7.385164372090026994e-19
3.025099999999995362e+02 7.295185113303852714e-19
3.025199999999995271e+02 7.203405925266855089e-19
3.025299999999995180e+02 7.110080124428681637e-19
3.025399999999995089e+02 7.015461027238989504e-19
3.025499999999994998e+02 6.919801950147425244e-19
3.025599999999994907e+02 6.823356209603650820e-19
3.025699999999994816e+02 6.726377122057309897e-19
3.025799999999994725e+02 6.629118003958061548e-19
3.025899999999994634e+02 6.531832171755554253e-19
3.025999999999994543e+02 6.434772941899442269e-19
3.026099999999994452e+02 6.338192413465718023e-19
3.026199999999994361e+02 6.242285756169786799e-19
3.026299999999994270e+02 6.147168094422687892e-19
3.026399999999994179e+02 6.052948543107264281e-19
3.026499999999994088e+02 5.959736217106359910e-19
3.026599999999993997e+02 5.867640231302820647e-19
3.026699999999993906e+02 5.776769700579485619e-19
3.026799999999993815e+02 5.687233739819203586e-19
3.026899999999993724e+02 5.599141463904811748e-19
3.026999999999993634e+02 5.512601987719159826e-19
3.027099999999993543e+02 5.427724426145088875e-19
3.027199999999993452e+02 5.344616363587326598e-19
3.027299999999993361e+02 5.263325887113796431e-19
3.027399999999993270e+02 5.183823794647498333e-19
3.027499999999993179e+02 5.106075718747783822e-19
3.027599999999993088e+02 5.030047291974005377e-19
3.027699999999992997e+02 4.955704146885512589e-19
3.027799999999992906e+02 4.883011916041657940e-19
3.027899999999992815e+02 4.811936232001794870e-19
3.027999999999992724e+02 4.742442727325270084e-19
3.028099999999992633e+02 4.674497034571439913e-19
3.028199999999992542e+02 4.608064786299653948e-19
3.028299999999992451e+02 4.543111034904936227e-19
3.028399999999992360e+02 4.479580731757833839e-19
3.028499999999992269e+02 4.417394052812718747e-19
3.028599999999992178e+02 4.356469646151394927e-19
3.028699999999992087e+02 4.296726159855669723e-19
3.028799999999991996e+02 4.238082242007346150e-19
3.028899999999991905e+02 4.180456540688230588e-19
3.028999999999991815e+02 4.123767703980128460e-19
3.029099999999991724e+02 4.067934379964843259e-19
3.029199999999991633e+02 4.012875216724183293e-19
3.029299999999991542e+02 3.958508862339952057e-19
3.029399999999991451e+02 3.904755408340592691e-19
3.029499999999991360e+02 3.851579770098640078e-19
3.029599999999991269e+02 3.798999290139810361e-19
3.029699999999991178e+02 3.747034286810693084e-19
3.029799999999991087e+02 3.695705078457876342e-19
3.029899999999990996e+02 3.645031983427948235e-19
3.029999999999990905e+02 3.595035320067497821e-19
3.030099999999990814e+02 3.545735406723113681e-19
3.030199999999990723e+02 3.497152561741383429e-19
3.030299999999990632e+02 3.449307103468896127e-19
3.030399999999990541e+02 3.402219350252239872e-19
3.030499999999990450e+02 3.355909674877447423e-19
3.030599999999990359e+02 3.310399897978141887e-19
3.030699999999990268e+02 3.265713405929024743e-19
3.030799999999990177e+02 3.221873663168244829e-19
3.030899999999990087e+02 3.178904134133950020e-19
3.030999999999989996e+02 3.136828283264288674e-19
3.031099999999989905e+02 3.095669574997409149e-19
3.031199999999989814e+02 3.055451473771458356e-19
3.031299999999989723e+02 3.016197444024585617e-19
3.031399999999989632e+02 2.977930950194938806e-19
3.031499999999989541e+02 2.940675456720666282e-19
3.031599999999989450e+02 2.904453510710330907e-19
3.031699999999989359e+02 2.869265535940839116e-19
3.031799999999989268e+02 2.835089248116243962e-19
3.031899999999989177e+02 2.801901328637834936e-19
3.031999999999989086e+02 2.769678458906896235e-19
3.032099999999988995e+02 2.738397320324714465e-19
3.032199999999988904e+02 2.708034594292577191e-19
3.032299999999988813e+02 2.678566962211767647e-19
3.032399999999988722e+02 2.649971105483574363e-19
3.032499999999988631e+02 2.622223705509282500e-19
3.032599999999988540e+02 2.595301443690178179e-19
3.032699999999988449e+02 2.569181534319174367e-19
3.032799999999988358e+02 2.543852369557987331e-19
3.032899999999988268e+02 2.519312951132590911e-19
3.032999999999988177e+02 2.495562699902660134e-19
3.033099999999988086e+02 2.472601036727868584e-19
3.033199999999987995e+02 2.450427382467886957e-19
3.033299999999987904e+02 2.429041157982391726e-19
3.033399999999987813e+02 2.408441784131053585e-19
3.033499999999987722e+02 2.388628681773547083e-19
3.033599999999987631e+02 2.369601271769545321e-19
3.033699999999987540e+02 2.351358974978721403e-19
3.033799999999987449e+02 2.333902183926694149e-19
3.033899999999987358e+02 2.317249941566662579e-19
3.033999999999987267e+02 2.301438092433556661e-19
3.034099999999987176e+02 2.286503081695317136e-19
3.034199999999987085e+02 2.272481354519884269e-19
3.034299999999986994e+02 2.259409356075201210e-19
3.034399999999986903e+02 2.247323531529206296e-19
3.034499999999986812e+02 2.236260326049841234e-19
3.034599999999986721e+02 2.226256184805048695e-19
3.034699999999986630e+02 2.217347552962767979e-19
3.034799999999986539e+02 2.209570875690940310e-19
3.034899999999986449e+02 2.202960714412416545e-19
3.034999999999986358e+02 2.197519801775061220e-19
3.035099999999986267e+02 2.193224360910173718e-19
3.035199999999986176e+02 2.190049806220204341e-19
3.035299999999986085e+02 2.187971552107605798e-19
3.035399999999985994e+02 2.186965012974831280e-19
3.035499999999985903e+02 2.187005603224331088e-19
3.035599999999985812e+02 2.188068737258558414e-19
3.035699999999985721e+02 2.190129829479965003e-19
3.035799999999985630e+02 2.193164294291002601e-19
3.035899999999985539e+02 2.197147546094123436e-19
3.035999999999985448e+02 2.202054899840952083e-19
3.036099999999985357e+02 2.207860182404061974e-19
3.036199999999985266e+02 2.214536075129826952e-19
3.036299999999985175e+02 2.222055229897707819e-19
3.036399999999985084e+02 2.230390298587167307e-19
3.036499999999984993e+02 2.239513933077665255e-19
3.036599999999984902e+02 2.249398785248664876e-19
3.036699999999984811e+02 2.260017506979626490e-19
3.036799999999984720e+02 2.271342750150011867e-19
3.036899999999984630e+02 2.283347166639282289e-19
3.036999999999984539e+02 2.296003408326900007e-19
3.037099999999984448e+02 2.309287424462823208e-19
3.037199999999984357e+02 2.323220796535521839e-19
3.037299999999984266e+02 2.337858429830210166e-19
3.037399999999984175e+02 2.353255988809849782e-19
3.037499999999984084e+02 2.369469137937404684e-19
3.037599999999983993e+02 2.386553541675834539e-19
3.037699999999983902e+02 2.404564864488103345e-19
3.037799999999983811e+02 2.423558770837173176e-19
3.037899999999983720e+02 2.443590925186004660e-19
3.037999999999983629e+02 2.464716991997562277e-19
3.038099999999983538e+02 2.486992635734807138e-19
3.038199999999983447e+02 2.510487084156551156e-19
3.038299999999983356e+02 2.535437170810980941e-19
3.038399999999983265e+02 2.562192773174626241e-19
3.038499999999983174e+02 2.591105886252682258e-19
3.038599999999983083e+02 2.622528505050348529e-19
3.038699999999982992e+02 2.656812624572821700e-19
3.038799999999982901e+02 2.694310239825299381e-19
3.038899999999982811e+02 2.735373345812979663e-19
3.038999999999982720e+02 2.780353937541060638e-19
3.039099999999982629e+02 2.829604010014739434e-19
3.039199999999982538e+02 2.883475558239213661e-19
3.039299999999982447e+02 2.942306775840939514e-19
3.039399999999982356e+02 3.006282937282206492e-19
3.039499999999982265e+02 3.075494117569848753e-19
3.039599999999982174e+02 3.150028953423312721e-19
3.039699999999982083e+02 3.229976081562047709e-19
3.039799999999981992e+02 3.315424138705499178e-19
3.039899999999981901e+02 3.406461761573116441e-19
3.039999999999981810e+02 3.503177586884346885e-19
3.040099999999981719e+02 3.605660251358637896e-19
3.040199999999981628e+02 3.713998391715436862e-19
3.040299999999981537e+02 3.828280644674192132e-19
3.040399999999981446e+02 3.948595459395383159e-19
3.040499999999981355e+02 4.075029414974738273e-19
3.040599999999981264e+02 4.207668016684406489e-19
3.040699999999981173e+02 4.346596757015774417e-19
3.040799999999981083e+02 4.491901128460225294e-19
3.040899999999980992e+02 4.643666623509147171e-19
3.040999999999980901e+02 4.801978734653923769e-19
3.041099999999980810e+02 4.966922954385940731e-19
3.041199999999980719e+02 5.138584775196584665e-19
3.041299999999980628e+02 5.317049689577240255e-19
3.041399999999980537e+02 5.502403190019291218e-19
3.041499999999980446e+02 5.694558256754809167e-19
3.041599999999980355e+02 5.891875212000245259e-19
3.041699999999980264e+02 6.091892706299681387e-19
3.041799999999980173e+02 6.292141907729530796e-19
3.041899999999980082e+02 6.490153984366200954e-19
3.041999999999979991e+02 6.683460104286109922e-19
3.042099999999979900e+02 6.869591435565664205e-19
3.042199999999979809e+02 7.046079146281278011e-19
3.042299999999979718e+02 7.210454404509359771e-19
3.042399999999979627e+02 7.360248378326321768e-19
3.042499999999979536e+02 7.492992235808577248e-19
3.042599999999979445e+02 7.606476719569520055e-19
3.042699999999979354e+02 7.700607170555424843e-19
3.042799999999979264e+02 7.776319305867029760e-19
3.042899999999979173e+02 7.834555760491409893e-19
3.042999999999979082e+02 7.876259169415636479e-19
3.043099999999978991e+02 7.902372167626778830e-19
3.043199999999978900e+02 7.913837390111917811e-19
3.043299999999978809e+02 7.911597471858116955e-19
3.043399999999978718e+02 7.896595047852453277e-19
3.043499999999978627e+02 7.869772753081998013e-19
3.043599999999978536e+02 7.832073222533826253e-19
3.043699999999978445e+02 7.784454875528868203e-19
3.043799999999978354e+02 7.727992787480600930e-19
3.043899999999978263e+02 7.663814319408486979e-19
3.043999999999978172e+02 7.593047078962204753e-19
3.044099999999978081e+02 7.516818673791436502e-19
3.044199999999977990e+02 7.436256711545860627e-19
3.044299999999977899e+02 7.352488799875157456e-19
3.044399999999977808e+02 7.266642546429010203e-19
3.044499999999977717e+02 7.179845558857094381e-19
3.044599999999977626e+02 7.093225444809095131e-19
3.044699999999977535e+02 7.007909811934688927e-19
3.044799999999977445e+02 6.924886661236158137e-19
3.044899999999977354e+02 6.844206098206273722e-19
3.044999999999977263e+02 6.765531979136925837e-19
3.045099999999977172e+02 6.688526960769367472e-19
3.045199999999977081e+02 6.612853699844843913e-19
3.045299999999976990e+02 6.538174853104608151e-19
3.045399999999976899e+02 6.464153077289910287e-19
3.045499999999976808e+02 6.390451029142003312e-19
3.045599999999976717e+02 6.316731365402130585e-19
3.045699999999976626e+02 6.242656742811546061e-19
3.045799999999976535e+02 6.167889818111499841e-19
3.045899999999976444e+02 6.092137837195672599e-19
3.045999999999976353e+02 6.015380789212149310e-19
3.046099999999976262e+02 5.937701753887201966e-19
3.046199999999976171e+02 5.859184003308521255e-19
3.046299999999976080e+02 5.779910809563810384e-19
3.046399999999975989e+02 5.699965444740756192e-19
3.046499999999975898e+02 5.619431180927052254e-19
3.046599999999975807e+02 5.538391290210397928e-19
3.046699999999975716e+02 5.456929044678481975e-19
3.046799999999975626e+02 5.375127716419002789e-19
3.046899999999975535e+02 5.293070577519651057e-19
3.046999999999975444e+02 5.210852943871179732e-19
3.047099999999975353e+02 5.128635273635248141e-19
3.047199999999975262e+02 5.046599948329729902e-19
3.047299999999975171e+02 4.964929365993493549e-19
3.047399999999975080e+02 4.883805924665400874e-19
3.047499999999974989e+02 4.803412022384322337e-19
3.047599999999974898e+02 4.723930057189123583e-19
3.047699999999974807e+02 4.645542427118669292e-19
3.047799999999974716e+02 4.568431530211826074e-19
3.047899999999974625e+02 4.492779764507460535e-19
3.047999999999974534e+02 4.418769528044440246e-19
3.048099999999974443e+02 4.346555667341782780e-19
3.048199999999974352e+02 4.276156989305114014e-19
3.048299999999974261e+02 4.207550386620511732e-19
3.048399999999974170e+02 4.140712740225324945e-19
3.048499999999974079e+02 4.075620931056900738e-19
3.048599999999973988e+02 4.012251840052590530e-19
3.048699999999973898e+02 3.950582348149738998e-19
3.048799999999973807e+02 3.890589336285699005e-19
3.048899999999973716e+02 3.832249685397818117e-19
3.048999999999973625e+02 3.775540276423442457e-19
3.049099999999973534e+02 3.720437990299922962e-19
3.049199999999973443e+02 3.666912610831795555e-19
3.049299999999973352e+02 3.614901910284054792e-19
3.049399999999973261e+02 3.564334639595165045e-19
3.049499999999973170e+02 3.515139549190196985e-19
3.049599999999973079e+02 3.467245389494223689e-19
3.049699999999972988e+02 3.420580910932314383e-19
3.049799999999972897e+02 3.375074863929540219e-19
3.049899999999972806e+02 3.330655998910974757e-19
3.049999999999972715e+02 3.287253066301686740e-19
3.050099999999972624e+02 3.244794816526749728e-19
3.050199999999972533e+02 3.203210000011234391e-19
3.050299999999972442e+02 3.162432638156108610e-19
3.050399999999972351e+02 3.122417836265957518e-19
3.050499999999972260e+02 3.083125970621268270e-19
3.050599999999972169e+02 3.044517417502532358e-19
3.050699999999972079e+02 3.006552553190237419e-19
3.050799999999971988e+02 2.969191753964874944e-19
3.050899999999971897e+02 2.932395396106932090e-19
3.050999999999971806e+02 2.896123855896898903e-19
3.051099999999971715e+02 2.860337509615265910e-19
3.051199999999971624e+02 2.824996733542521712e-19
3.051299999999971533e+02 2.790061904469133939e-19
3.051399999999971442e+02 2.755502360521887789e-19
3.051499999999971351e+02 2.721319238496123229e-19
3.051599999999971260e+02 2.687520725125347728e-19
3.051699999999971169e+02 2.654115007143070683e-19
3.051799999999971078e+02 2.621110271282796194e-19
3.051899999999970987e+02 2.588514704278033658e-19
3.051999999999970896e+02 2.556336492862289581e-19
3.052099999999970805e+02 2.524583823769072396e-19
3.052199999999970714e+02 2.493264883731887168e-19
3.052299999999970623e+02 2.462387859484242328e-19
3.052399999999970532e+02 2.431960937360463626e-19
3.052499999999970441e+02 2.401990879587671664e-19
3.052599999999970350e+02 2.372479826214761032e-19
3.052699999999970260e+02 2.343428981180672015e-19
3.052799999999970169e+02 2.314839548424347785e-19
3.052899999999970078e+02 2.286712731884731994e-19
3.052999999999969987e+02 2.259049735500765409e-19
3.053099999999969896e+02 2.231851763211391199e-19
3.053199999999969805e+02 2.205120018955552057e-19
3.053299999999969714e+02 2.178855706672189710e-19
3.053399999999969623e+02 2.153060030300247330e-19
3.053499999999969532e+02 2.127734203454209592e-19
3.053599999999969441e+02 2.102889342873449529e-19
3.053699999999969350e+02 2.078565144080168689e-19
3.053799999999969259e+02 2.054806427282901802e-19
3.053899999999969168e+02 2.031658012690180226e-19
3.053999999999969077e+02 2.009164720510537968e-19
3.054099999999968986e+02 1.987371370952508554e-19
3.054199999999968895e+02 1.966322784224625028e-19
3.054299999999968804e+02 1.946063780535420433e-19
3.054399999999968713e+02 1.926639180093428296e-19
3.054499999999968622e+02 1.908093803107182381e-19
3.054599999999968531e+02 1.890472468198639702e-19
3.054699999999968441e+02 1.873819285378183673e-19
3.054799999999968350e+02 1.858176542973849281e-19
3.054899999999968259e+02 1.843586240615712624e-19
3.054999999999968168e+02 1.830090377933849801e-19
3.055099999999968077e+02 1.817730954558339076e-19
3.055199999999967986e+02 1.806549970119255345e-19
3.055299999999967895e+02 1.796589424246675668e-19
3.055399999999967804e+02 1.787891316570676866e-19
3.055499999999967713e+02 1.780497646721335278e-19
3.055599999999967622e+02 1.774450414328727724e-19
3.055699999999967531e+02 1.769791466681451368e-19
3.055799999999967440e+02 1.766525832293442356e-19
3.055899999999967349e+02 1.764574051635634937e-19
3.055999999999967258e+02 1.763844861634908623e-19
3.056099999999967167e+02 1.764246999218142683e-19
3.056199999999967076e+02 1.765689201312215907e-19
3.056299999999966985e+02 1.768080204844007564e-19
3.056399999999966894e+02 1.771328746740395962e-19
3.056499999999966803e+02 1.775343563928260853e-19
3.056599999999966712e+02 1.780033393334481264e-19
3.056699999999966622e+02 1.785306971885936227e-19
3.056799999999966531e+02 1.791073354646120897e-19
3.056899999999966440e+02 1.797288981149687079e-19
3.056999999999966349e+02 1.804007536120268314e-19
3.057099999999966258e+02 1.811294641477584954e-19
3.057199999999966167e+02 1.819215919141359274e-19
3.057299999999966076e+02 1.827836991031310421e-19
3.057399999999965985e+02 1.837223479067161634e-19
3.057499999999965894e+02 1.847441005168632061e-19
3.057599999999965803e+02 1.858555191255444458e-19
3.057699999999965712e+02 1.870631659247319658e-19
3.057799999999965621e+02 1.883736031063977771e-19
3.057899999999965530e+02 1.897934353262524598e-19
3.057999999999965439e+02 1.913335165284742034e-19
3.058099999999965348e+02 1.930125139355048312e-19
3.058199999999965257e+02 1.948499340278351766e-19
3.058299999999965166e+02 1.968652832859558321e-19
3.058399999999965075e+02 1.990780681903577515e-19
3.058499999999964984e+02 2.015077952215315274e-19
3.058599999999964894e+02 2.041739708599679692e-19
3.058699999999964803e+02 2.070961015861578620e-19
3.058799999999964712e+02 2.102936938805919429e-19
3.058899999999964621e+02 2.137862542237608768e-19
3.058999999999964530e+02 2.175931002271149321e-19
3.059099999999964439e+02 2.217200525264699706e-19
3.059199999999964348e+02 2.261506614723595948e-19
3.059299999999964257e+02 2.308663947333003728e-19
3.059399999999964166e+02 2.358487199778087281e-19
3.059499999999964075e+02 2.410791048744014694e-19
3.059599999999963984e+02 2.465390170915950203e-19
3.059699999999963893e+02 2.522099242979060452e-19
3.059799999999963802e+02 2.580732941618510157e-19
3.059899999999963711e+02 2.641105943519465480e-19
3.059999999999963620e+02 2.703032925367093064e-19
3.060099999999963529e+02 2.766328933661251357e-19
3.060199999999963438e+02 2.830828757400014988e-19
3.060299999999963347e+02 2.896396457007618988e-19
3.060399999999963256e+02 2.962898461663074473e-19
3.060499999999963165e+02 3.030201200545393523e-19
3.060599999999963075e+02 3.098171102833585810e-19
3.060699999999962984e+02 3.166674597706663411e-19
3.060799999999962893e+02 3.235578114343636481e-19
3.060899999999962802e+02 3.304748081923517097e-19
3.060999999999962711e+02 3.374050929625315414e-19
3.061099999999962620e+02 3.443353086628042548e-19
3.061199999999962529e+02 3.512522944793132759e-19
3.061299999999962438e+02 3.581509904087038633e-19
3.061399999999962347e+02 3.650371405050206110e-19
3.061499999999962256e+02 3.719172398323064322e-19
3.061599999999962165e+02 3.787977834546045768e-19
3.061699999999962074e+02 3.856852664359579580e-19
3.061799999999961983e+02 3.925861838404097777e-19
3.061899999999961892e+02 3.995070307320030453e-19
3.061999999999961801e+02 4.064543021747809146e-19
3.062099999999961710e+02 4.134344932327863948e-19
3.062199999999961619e+02 4.204540989700625436e-19
3.062299999999961528e+02 4.275195814808013749e-19
3.062399999999961437e+02 4.346363221325439838e-19
3.062499999999961346e+02 4.418084047133250713e-19
3.062599999999961256e+02 4.490398362156052190e-19
3.062699999999961165e+02 4.563346236318452491e-19
3.062799999999961074e+02 4.636967739545059837e-19
3.062899999999960983e+02 4.711302941760483414e-19
3.062999999999960892e+02 4.786391912889330482e-19
3.063099999999960801e+02 4.862274722856210226e-19
3.063199999999960710e+02 4.938991441585728941e-19
3.063299999999960619e+02 5.016582139002497740e-19
3.063399999999960528e+02 5.095078874410892947e-19
3.063499999999960437e+02 5.174310933654585462e-19
3.063599999999960346e+02 5.253893967494076462e-19
3.063699999999960255e+02 5.333433441890835826e-19
3.063799999999960164e+02 5.412534822806330546e-19
3.063899999999960073e+02 5.490803576202030501e-19
3.063999999999959982e+02 5.567845168039403646e-19
3.064099999999959891e+02 5.643265064279923713e-19
3.064199999999959800e+02 5.716668730885057693e-19
3.064299999999959709e+02 5.787661633816270652e-19
3.064399999999959618e+02 5.855849239035038246e-19
3.064499999999959527e+02 5.920833958141356604e-19
3.064599999999959437e+02 5.982154134827095953e-19
3.064699999999959346e+02 6.039287302212717071e-19
3.064799999999959255e+02 6.091708591080658690e-19
3.064899999999959164e+02 6.138893132213355692e-19
3.064999999999959073e+02 6.180316056393247772e-19
3.065099999999958982e+02 6.215452494402772701e-19
3.065199999999958891e+02 6.243777577024362471e-19
3.065299999999958800e+02 6.264766435040458703e-19
3.065399999999958709e+02 6.277894199233497241e-19
3.065499999999958618e+02 6.282636000385913930e-19
3.065599999999958527e+02 6.278498053024116168e-19
3.065699999999958436e+02 6.265511779410023901e-19
3.065799999999958345e+02 6.244146036271185052e-19
3.065899999999958254e+02 6.214883025198304995e-19
3.065999999999958163e+02 6.178204947782085247e-19
3.066099999999958072e+02 6.134594005613232146e-19
3.066199999999957981e+02 6.084532400282447211e-19
3.066299999999957890e+02 6.028502333380439665e-19
3.066399999999957799e+02 5.966986006497911030e-19
3.066499999999957708e+02 5.900465621225566677e-19
3.066599999999957618e+02 5.829423379154111015e-19
3.066699999999957527e+02 5.754341776727302257e-19
3.066799999999957436e+02 5.675707390853876305e-19
3.066899999999957345e+02 5.594009778278538869e-19
3.066999999999957254e+02 5.509738563632175822e-19
3.067099999999957163e+02 5.423383371545667263e-19
3.067199999999957072e+02 5.335433826649900991e-19
3.067299999999956981e+02 5.246379553575756139e-19
3.067399999999956890e+02 5.156710176954117619e-19
3.067499999999956799e+02 5.066915321415870343e-19
3.067599999999956708e+02 4.977484611591896333e-19
3.067699999999956617e+02 4.888907672113078575e-19
3.067799999999956526e+02 4.801653483876746219e-19
3.067899999999956435e+02 4.715945144064814224e-19
3.067999999999956344e+02 4.631844267804506896e-19
3.068099999999956253e+02 4.549409647987938679e-19
3.068199999999956162e+02 4.468700077507213424e-19
3.068299999999956071e+02 4.389774349254441722e-19
3.068399999999955980e+02 4.312691256121732238e-19
3.068499999999955890e+02 4.237509591001193637e-19
3.068599999999955799e+02 4.164288146784932659e-19
3.068699999999955708e+02 4.093085716365061339e-19
3.068799999999955617e+02 4.023961092633685455e-19
3.068899999999955526e+02 3.956965734892774287e-19
3.068999999999955435e+02 3.892077982568647400e-19
3.069099999999955344e+02 3.829234188388117438e-19
3.069199999999955253e+02 3.768370205347806695e-19
3.069299999999955162e+02 3.709421886444336979e-19
3.069399999999955071e+02 3.652325084674331064e-19
3.069499999999954980e+02 3.597015653034412203e-19
3.069599999999954889e+02 3.543429444521202688e-19
3.069699999999954798e+02 3.491502312131326737e-19
3.069799999999954707e+02 3.441170108861405195e-19
3.069899999999954616e+02 3.392368687708061799e-19
3.069999999999954525e+02 3.345039018431090100e-19
3.070099999999954434e+02 3.299165150370407197e-19
3.070199999999954343e+02 3.254752712193626146e-19
3.070299999999954252e+02 3.211807493702761653e-19
3.070399999999954161e+02 3.170335284699825535e-19
3.070499999999954071e+02 3.130341874986832499e-19
3.070599999999953980e+02 3.091833054365794846e-19
3.070699999999953889e+02 3.054814612638727280e-19
3.070799999999953798e+02 3.019292339607643065e-19
3.070899999999953707e+02 2.985272025074554499e-19
3.070999999999953616e+02 2.952759458841476772e-19
3.071099999999953525e+02 2.921742478209723135e-19
3.071199999999953434e+02 2.892080419104436341e-19
3.071299999999953343e+02 2.863576618245956443e-19
3.071399999999953252e+02 2.836034180652130785e-19
3.071499999999953161e+02 2.809256211340809120e-19
3.071599999999953070e+02 2.783045815329841683e-19
3.071699999999952979e+02 2.757206097637075338e-19
3.071799999999952888e+02 2.731540163280358874e-19
3.071899999999952797e+02 2.705851117277541080e-19
3.071999999999952706e+02 2.679942064646471229e-19
3.072099999999952615e+02 2.653616110404998590e-19
3.072199999999952524e+02 2.626707174264264578e-19
3.072299999999952433e+02 2.599237663477343765e-19
3.072399999999952342e+02 2.571301229184667038e-19
3.072499999999952252e+02 2.542991655463888695e-19
3.072599999999952161e+02 2.514402726392664480e-19
3.072699999999952070e+02 2.485628226048648690e-19
3.072799999999951979e+02 2.456761938509496588e-19
3.072899999999951888e+02 2.427897647852861990e-19
3.072999999999951797e+02 2.399129138156401602e-19
3.073099999999951706e+02 2.370550193497768278e-19
3.073199999999951615e+02 2.342254597954619206e-19
3.073299999999951524e+02 2.314333439437100080e-19
3.073399999999951433e+02 2.286864083698952369e-19
3.073499999999951342e+02 2.259919541896411172e-19
3.073599999999951251e+02 2.233572823412936889e-19
3.073699999999951160e+02 2.207896937631993771e-19
3.073799999999951069e+02 2.182964893937040774e-19
3.073899999999950978e+02 2.158849701711541910e-19
3.073999999999950887e+02 2.135624370338956616e-19
3.074099999999950796e+02 2.113361909202747217e-19
3.074199999999950705e+02 2.092135327686374355e-19
3.074299999999950614e+02 2.072017635173301319e-19
3.074399999999950523e+02 2.053066745233953490e-19
3.074499999999950433e+02 2.035274498532467231e-19
3.074599999999950342e+02 2.018614663573300041e-19
3.074699999999950251e+02 2.003061008414322857e-19
3.074799999999950160e+02 1.988587301113407097e-19
3.074899999999950069e+02 1.975167309728422254e-19
3.074999999999949978e+02 1.962774802317240469e-19
3.075099999999949887e+02 1.951383546937732921e-19
3.075199999999949796e+02 1.940967311647769823e-19
3.075299999999949705e+02 1.931499864505222596e-19
3.075399999999949614e+02 1.922954973549766230e-19
3.075499999999949523e+02 1.915303993184652580e-19
3.075599999999949432e+02 1.908509185248931179e-19
3.075699999999949341e+02 1.902530670847884240e-19
3.075799999999949250e+02 1.897328571086791088e-19
3.075899999999949159e+02 1.892863007070932493e-19
3.075999999999949068e+02 1.889094099905589226e-19
3.076099999999948977e+02 1.885981970696040851e-19
3.076199999999948886e+02 1.883486740547568381e-19
3.076299999999948795e+02 1.881568530565452102e-19
3.076399999999948704e+02 1.880187461854972545e-19
3.076499999999948614e+02 1.879303653741749136e-19
3.076599999999948523e+02 1.878872854037381415e-19
3.076699999999948432e+02 1.878837035089896875e-19
3.076799999999948341e+02 1.879135462605868054e-19
3.076899999999948250e+02 1.879707402291866764e-19
3.076999999999948159e+02 1.880492119854464340e-19
3.077099999999948068e+02 1.881428881000234040e-19
3.077199999999947977e+02 1.882456951435746716e-19
3.077299999999947886e+02 1.883515596867574423e-19
3.077399999999947795e+02 1.884544083002289217e-19
3.077499999999947704e+02 1.885481675546463633e-19
3.077599999999947613e+02 1.886267662389955736e-19
3.077699999999947522e+02 1.886853219918215338e-19
3.077799999999947431e+02 1.887220977507272482e-19
3.077899999999947340e+02 1.887358706593211734e-19
3.077999999999947249e+02 1.887254178612121511e-19
3.078099999999947158e+02 1.886895165000088547e-19
3.078199999999947067e+02 1.886269437193198852e-19
3.078299999999946976e+02 1.885364766627540363e-19
3.078399999999946886e+02 1.884168924739198367e-19
3.078499999999946795e+02 1.882669682964262006e-19
3.078599999999946704e+02 1.880854812738815844e-19
3.078699999999946613e+02 1.878712233307902537e-19
3.078799999999946522e+02 1.876265587244432659e-19
3.078899999999946431e+02 1.873620491442590973e-19
3.078999999999946340e+02 1.870894015156904900e-19
3.079099999999946249e+02 1.868203227641903309e-19
3.079199999999946158e+02 1.865665198152115546e-19
3.079299999999946067e+02 1.863396995942069517e-19
3.079399999999945976e+02 1.861515690266293125e-19
3.079499999999945885e+02 1.860138350379315238e-19
3.079599999999945794e+02 1.859382045535664962e-19
3.079699999999945703e+02 1.859363844989869962e-19
3.079799999999945612e+02 1.860201147794391580e-19
3.079899999999945521e+02 1.862051258551672989e-19
3.079999999999945430e+02 1.865148984378705624e-19
3.080099999999945339e+02 1.869738036936720383e-19
3.080199999999945248e+02 1.876062127886949610e-19
3.080299999999945157e+02 1.884364968890623964e-19
3.080399999999945067e+02 1.894890271608976749e-19
3.080499999999944976e+02 1.907881747703237903e-19
3.080599999999944885e+02 1.923583108834639768e-19
3.080699999999944794e+02 1.942238066664413965e-19
3.080799999999944703e+02 1.964090332853792356e-19
3.080899999999944612e+02 1.989379667560454233e-19
3.080999999999944521e+02 2.018063448254762018e-19
3.081099999999944430e+02 2.049633115209064397e-19
3.081199999999944339e+02 2.083536534982495235e-19
3.081299999999944248e+02 2.119221574134189845e-19
3.081399999999944157e+02 2.156136099223283295e-19
3.081499999999944066e+02 2.193727976808910175e-19
3.081599999999943975e+02 2.231445073450206037e-19
3.081699999999943884e+02 2.268735255706305709e-19
3.081799999999943793e+02 2.305046390136344262e-19
3.081899999999943702e+02 2.339826343299456286e-19
3.081999999999943611e+02 2.372530444136066992e-19
3.082099999999943520e+02 2.402962992991704636e-19
3.082199999999943429e+02 2.431418960089167626e-19
3.082299999999943338e+02 2.458230153470689348e-19
3.082399999999943248e+02 2.483728381178502706e-19
3.082499999999943157e+02 2.508245451254841569e-19
3.082599999999943066e+02 2.532113171741939801e-19
3.082699999999942975e+02 2.555663350682030309e-19
3.082799999999942884e+02 2.579227796117347922e-19
3.082899999999942793e+02 2.603138316090124581e-19
3.082999999999942702e+02 2.627726718642594635e-19
3.083099999999942611e+02 2.653326157732531914e-19
3.083199999999942520e+02 2.680311582495210218e-19
3.083299999999942429e+02 2.709106826810630580e-19
3.083399999999942338e+02 2.740138499308805934e-19
3.083499999999942247e+02 2.773833208619749214e-19
3.083599999999942156e+02 2.810617563373473353e-19
3.083699999999942065e+02 2.850918172199990803e-19
3.083799999999941974e+02 2.895161643729316904e-19
3.083899999999941883e+02 2.943774586591462182e-19
3.083999999999941792e+02 2.997183609416441015e-19
3.084099999999941701e+02 3.055815320834265855e-19
3.084199999999941610e+02 3.120077118128548372e-19
3.084299999999941519e+02 3.189934537614480492e-19
3.084399999999941429e+02 3.264911254638149246e-19
3.084499999999941338e+02 3.344511733199111845e-19
3.084599999999941247e+02 3.428240437296921650e-19
3.084699999999941156e+02 3.515601830931133947e-19
3.084799999999941065e+02 3.606100378101303060e-19
3.084899999999940974e+02 3.699240542806985238e-19
3.084999999999940883e+02 3.794526789047734804e-19
3.085099999999940792e+02 3.891463580823106082e-19
3.085199999999940701e+02 3.989555382132655320e-19
3.085299999999940610e+02 4.088295934104206004e-19
3.085399999999940519e+02 4.186990065405923201e-19
3.085499999999940428e+02 4.284781089496017447e-19
3.085599999999940337e+02 4.380807118614630319e-19
3.085699999999940246e+02 4.474206265001902916e-19
3.085799999999940155e+02 4.564116640897981631e-19
3.085899999999940064e+02 4.649676358543003710e-19
3.085999999999939973e+02 4.730023530177116027e-19
3.086099999999939882e+02 4.804296268040458718e-19
3.086199999999939791e+02 4.871632684373173843e-19
3.086299999999939701e+02 4.931170891415405387e-19
3.086399999999939610e+02 4.982096199384421310e-19
3.086499999999939519e+02 5.024222582900004318e-19
3.086599999999939428e+02 5.057811131660177290e-19
3.086699999999939337e+02 5.083132496442084264e-19
3.086799999999939246e+02 5.100457328022884685e-19
3.086899999999939155e+02 5.110056277179727408e-19
3.086999999999939064e+02 5.112199994689761284e-19
3.087099999999938973e+02 5.107159131330139020e-19
3.087199999999938882e+02 5.095204337878013320e-19
3.087299999999938791e+02 5.076606265110534963e-19
3.087399999999938700e+02 5.051635563804855691e-19
3.087499999999938609e+02 5.020579329237913435e-19
3.087599999999938518e+02 4.983900499037921594e-19
3.087699999999938427e+02 4.942168580637070674e-19
3.087799999999938336e+02 4.895954572745092886e-19
3.087899999999938245e+02 4.845829474071726219e-19
3.087999999999938154e+02 4.792364283326708662e-19
3.088099999999938063e+02 4.736129999219774353e-19
3.088199999999937972e+02 4.677697620460664168e-19
3.088299999999937882e+02 4.617638145759113209e-19
3.088399999999937791e+02 4.556522573824857538e-19
3.088499999999937700e+02 4.494921903367635144e-19
3.088599999999937609e+02 4.433363698643140948e-19
3.088699999999937518e+02 4.372009836072535926e-19
3.088799999999937427e+02 4.310839012538155363e-19
3.088899999999937336e+02 4.249828557107468887e-19
3.088999999999937245e+02 4.188955798847948536e-19
3.089099999999937154e+02 4.128198066827063939e-19
3.089199999999937063e+02 4.067532690112288094e-19
3.089299999999936972e+02 4.006936997771088705e-19
3.089399999999936881e+02 3.946388318870939735e-19
3.089499999999936790e+02 3.885863982479308405e-19
3.089599999999936699e+02 3.825341317663667714e-19
3.089699999999936608e+02 3.764812417737120993e-19
3.089799999999936517e+02 3.704368564124211298e-19
3.089899999999936426e+02 3.644141886433983863e-19
3.089999999999936335e+02 3.584264641135214392e-19
3.090099999999936244e+02 3.524869084696671368e-19
3.090199999999936153e+02 3.466087473587128569e-19
3.090299999999936063e+02 3.408052064275355921e-19
3.090399999999935972e+02 3.350895113230125760e-19
3.090499999999935881e+02 3.294748876920209937e-19
3.090599999999935790e+02 3.239745611814379824e-19
3.090699999999935699e+02 3.186017574381406791e-19
3.090799999999935608e+02 3.133677448261424640e-19
3.090899999999935517e+02 3.082732051986931046e-19
3.090999999999935426e+02 3.033152575635410386e-19
3.091099999999935335e+02 2.984910182435476239e-19
3.091199999999935244e+02 2.937976035615739296e-19
3.091299999999935153e+02 2.892321298404814581e-19
3.091399999999935062e+02 2.847917134031311819e-19
3.091499999999934971e+02 2.804734705723844110e-19
3.091599999999934880e+02 2.762745176711024069e-19
3.091699999999934789e+02 2.721919710221465276e-19
3.091799999999934698e+02 2.682229469483777939e-19
3.091899999999934607e+02 2.643641414009029784e-19
3.091999999999934516e+02 2.606104104045198358e-19
3.092099999999934425e+02 2.569561067302124533e-19
3.092199999999934334e+02 2.533955831365287553e-19
3.092299999999934244e+02 2.499231923820169070e-19
3.092399999999934153e+02 2.465332872252247363e-19
3.092499999999934062e+02 2.432202204247005529e-19
3.092599999999933971e+02 2.399783447389922329e-19
3.092699999999933880e+02 2.368020129266477007e-19
3.092799999999933789e+02 2.336855777462151215e-19
3.092899999999933698e+02 2.306233920625434487e-19
3.092999999999933607e+02 2.276107927688037746e-19
3.093099999999933516e+02 2.246465059528364686e-19
3.093199999999933425e+02 2.217299868210178569e-19
3.093299999999933334e+02 2.188606905797241699e-19
3.093399999999933243e+02 2.160380724353319265e-19
3.093499999999933152e+02 2.132615875942173328e-19
3.093599999999933061e+02 2.105306912627567633e-19
3.093699999999932970e+02 2.078448386473265446e-19
3.093799999999932879e+02 2.052034849543030754e-19
3.093899999999932788e+02 2.026060853900625856e-19
3.093999999999932697e+02 2.000520970622515949e-19
3.094099999999932606e+02 1.975425152765124182e-19
3.094199999999932515e+02 1.950826470671844839e-19
3.094299999999932425e+02 1.926785492732367409e-19
3.094399999999932334e+02 1.903362787336381624e-19
3.094499999999932243e+02 1.880618922873575046e-19
3.094599999999932152e+02 1.858614467733636924e-19
3.094699999999932061e+02 1.837409990306257230e-19
3.094799999999931970e+02 1.817066058981124490e-19
3.094899999999931879e+02 1.797643242147927471e-19
3.094999999999931788e+02 1.779202108196356385e-19
3.095099999999931697e+02 1.761803186191434671e-19
3.095199999999931606e+02 1.745497500984639814e-19
3.095299999999931515e+02 1.730314268108393538e-19
3.095399999999931424e+02 1.716279656187539908e-19
3.095499999999931333e+02 1.703419833846920576e-19
3.095599999999931242e+02 1.691760969711380087e-19
3.095699999999931151e+02 1.681329232405761299e-19
3.095799999999931060e+02 1.672150790554905385e-19
3.095899999999930969e+02 1.664251812783658574e-19
3.095999999999930878e+02 1.657658467716861799e-19
3.096099999999930787e+02 1.652396923979358399e-19
3.096199999999930697e+02 1.648492861646895262e-19
3.096299999999930606e+02 1.645923072352312693e-19
3.096399999999930515e+02 1.644574455264910461e-19
3.096499999999930424e+02 1.644324253815245257e-19
3.096599999999930333e+02 1.645049711433871606e-19
3.096699999999930242e+02 1.646628071551345960e-19
3.096799999999930151e+02 1.648936577598223085e-19
3.096899999999930060e+02 1.651852473005059673e-19
3.096999999999929969e+02 1.655253001202410250e-19
3.097099999999929878e+02 1.659015405620831026e-19
3.097199999999929787e+02 1.663016929690877249e-19
3.097299999999929696e+02 1.667135266148536051e-19
3.097399999999929605e+02 1.671272093828308759e-19
3.097499999999929514e+02 1.675364654810275381e-19
3.097599999999929423e+02 1.679353069087173296e-19
3.097699999999929332e+02 1.683177456651739642e-19
3.097799999999929241e+02 1.686777937496712039e-19
3.097899999999929150e+02 1.690094631614828107e-19
3.097999999999929059e+02 1.693067658998824984e-19
3.098099999999928968e+02 1.695637139641440289e-19
3.098199999999928878e+02 1.697743193535412124e-19
3.098299999999928787e+02 1.699325940673477146e-19
3.098399999999928696e+02 1.700327384665013444e-19
3.098499999999928605e+02 1.700751272640784887e-19
3.098599999999928514e+02 1.700675484379282771e-19
3.098699999999928423e+02 1.700182287104379393e-19
3.098799999999928332e+02 1.699353948039946084e-19
3.098899999999928241e+02 1.698272734409855139e-19
3.098999999999928150e+02 1.697020913437978131e-19
3.099099999999928059e+02 1.695680752348186153e-19
3.099199999999927968e+02 1.694334518364352462e-19
3.099299999999927877e+02 1.693064478710347909e-19
3.099399999999927786e+02 1.691952900610043826e-19
3.099499999999927695e+02 1.691082089083354241e-19
3.099599999999927604e+02 1.690535178960652528e-19
3.099699999999927513e+02 1.690396113514853363e-19
3.099799999999927422e+02 1.690748869540415642e-19
3.099899999999927331e+02 1.691677423831799464e-19
3.099999999999927240e+02 1.693265753183464206e-19
3.100099999999927149e+02 1.695597834389869486e-19
3.100199999999927059e+02 1.698757644245473720e-19
3.100299999999926968e+02 1.702829159544737729e-19
3.100399999999926877e+02 1.707896357082119686e-19
3.100499999999926786e+02 1.714043213652080413e-19
3.100599999999926695e+02 1.721346367626805267e-19
3.100699999999926604e+02 1.729768183423203975e-19
3.100799999999926513e+02 1.739180713722777838e-19
3.100899999999926422e+02 1.749453548582287195e-19
3.100999999999926331e+02 1.760456278058493828e-19
3.101099999999926240e+02 1.772058492208160483e-19
3.101199999999926149e+02 1.784129781088047740e-19
3.101299999999926058e+02 1.796539734754917140e-19
3.101399999999925967e+02 1.809157943265532151e-19
3.101499999999925876e+02 1.821853996676652872e-19
3.101599999999925785e+02 1.834497485045040844e-19
3.101699999999925694e+02 1.846961321135569510e-19
3.101799999999925603e+02 1.859155233292009884e-19
3.101899999999925512e+02 1.871011869307686531e-19
3.101999999999925421e+02 1.882464223246344936e-19
3.102099999999925330e+02 1.893445289171730105e-19
3.102199999999925240e+02 1.903888061147586077e-19
3.102299999999925149e+02 1.913725533237657617e-19
3.102399999999925058e+02 1.922890699505689728e-19
3.102499999999924967e+02 1.931316554015426451e-19
3.102599999999924876e+02 1.938936090830612792e-19
3.102699999999924785e+02 1.945682304014993271e-19
3.102799999999924694e+02 1.951502978132687505e-19
3.102899999999924603e+02 1.956470423453878061e-19
3.102999999999924512e+02 1.960719327389191166e-19
3.103099999999924421e+02 1.964384843123878110e-19
3.103199999999924330e+02 1.967602123843186572e-19
3.103299999999924239e+02 1.970506322732366399e-19
3.103399999999924148e+02 1.973232592976666472e-19
3.103499999999924057e+02 1.975916087761335917e-19
3.103599999999923966e+02 1.978691960271623855e-19
3.103699999999923875e+02 1.981695363692779893e-19
3.103799999999923784e+02 1.985061451210052914e-19
3.103899999999923693e+02 1.988944626613086066e-19
3.103999999999923602e+02 1.993620764887991316e-19
3.104099999999923511e+02 1.999412991792193036e-19
3.104199999999923421e+02 2.006644538877197189e-19
3.104299999999923330e+02 2.015638637694508533e-19
3.104399999999923239e+02 2.026718519795634476e-19
3.104499999999923148e+02 2.040207416732079777e-19
3.104599999999923057e+02 2.056428560055352086e-19
3.104699999999922966e+02 2.075705181316956641e-19
3.104799999999922875e+02 2.098360512068398685e-19
3.104899999999922784e+02 2.124717783861185865e-19
3.104999999999922693e+02 2.155017498981307687e-19
3.105099999999922602e+02 2.189103831686220162e-19
3.105199999999922511e+02 2.226702412652877065e-19
3.105299999999922420e+02 2.267538851043828853e-19
3.105399999999922329e+02 2.311338756021624539e-19
3.105499999999922238e+02 2.357827736748812655e-19
3.105599999999922147e+02 2.406731402387942213e-19
3.105699999999922056e+02 2.457775362101562228e-19
3.105799999999921965e+02 2.510685225052222674e-19
3.105899999999921874e+02 2.565186600402470157e-19
3.105999999999921783e+02 2.621005096483124956e-19
3.106099999999921693e+02 2.677832663668278095e-19
3.106199999999921602e+02 2.735238196810802230e-19
3.106299999999921511e+02 2.792762476014980472e-19
3.106399999999921420e+02 2.849946281385100746e-19
3.106499999999921329e+02 2.906330393025447604e-19
3.106599999999921238e+02 2.961455591040309454e-19
3.106699999999921147e+02 3.014862655533971813e-19
3.106799999999921056e+02 3.066092366610719716e-19
3.106899999999920965e+02 3.114685504374841570e-19
3.106999999999920874e+02 3.160182848930621447e-19
3.107099999999920783e+02 3.202125256759081078e-19
3.107199999999920692e+02 3.240115375948468021e-19
3.107299999999920601e+02 3.273929062878146071e-19
3.107399999999920510e+02 3.303372294648812668e-19
3.107499999999920419e+02 3.328251048361168140e-19
3.107599999999920328e+02 3.348371301115909929e-19
3.107699999999920237e+02 3.363539030013739326e-19
3.107799999999920146e+02 3.373560212155354252e-19
3.107899999999920055e+02 3.378240824641452149e-19
3.107999999999919964e+02 3.377386844572734790e-19
3.108099999999919874e+02 3.370804249049899615e-19
3.108199999999919783e+02 3.358300377653821960e-19
3.108299999999919692e+02 3.339937752456669921e-19
3.108399999999919601e+02 3.316332535774703626e-19
3.108499999999919510e+02 3.288173425921775658e-19
3.108599999999919419e+02 3.256149121211738119e-19
3.108699999999919328e+02 3.220948319958441665e-19
3.108799999999919237e+02 3.183259720475739843e-19
3.108899999999919146e+02 3.143772021077485236e-19
3.108999999999919055e+02 3.103173920077528501e-19
3.109099999999918964e+02 3.062154115789722702e-19
3.109199999999918873e+02 3.021401306527918979e-19
3.109299999999918782e+02 2.981601340935268175e-19
3.109399999999918691e+02 2.943219587575846737e-19
3.109499999999918600e+02 2.906347685975093271e-19
3.109599999999918509e+02 2.871041074285779099e-19
3.109699999999918418e+02 2.837355190660673133e-19
3.109799999999918327e+02 2.805345473252547174e-19
3.109899999999918236e+02 2.775067360214170618e-19
3.109999999999918145e+02 2.746576289698314783e-19
3.110099999999918055e+02 2.719927699857749547e-19
3.110199999999917964e+02 2.695177028845245747e-19
3.110299999999917873e+02 2.672379714813573260e-19
3.110399999999917782e+02 2.651587589118693586e-19
3.110499999999917691e+02 2.632712268889886292e-19
3.110599999999917600e+02 2.615483228016235047e-19
3.110699999999917509e+02 2.599617767447464595e-19
3.110799999999917418e+02 2.584833188133298714e-19
3.110899999999917327e+02 2.570846791023463109e-19
3.110999999999917236e+02 2.557375877067680117e-19
3.111099999999917145e+02 2.544137747215674960e-19
3.111199999999917054e+02 2.530849702417170936e-19
3.111299999999916963e+02 2.517229043621894713e-19
3.111399999999916872e+02 2.502993071779567664e-19
3.111499999999916781e+02 2.487867355468861715e-19
3.111599999999916690e+02 2.471767618734935087e-19
3.111699999999916599e+02 2.454799741089850217e-19
3.111799999999916508e+02 2.437077869674695210e-19
3.111899999999916417e+02 2.418716151630559617e-19
3.111999999999916326e+02 2.399828734098531542e-19
3.112099999999916236e+02 2.380529764219701980e-19
3.112199999999916145e+02 2.360933389135158072e-19
3.112299999999916054e+02 2.341153755985989850e-19
3.112399999999915963e+02 2.321305011913285418e-19
3.112499999999915872e+02 2.301501304058134327e-19
3.112599999999915781e+02 2.281849565272575332e-19
3.112699999999915690e+02 2.262348781268418449e-19
3.112799999999915599e+02 2.242914839834981884e-19
3.112899999999915508e+02 2.223461491194437281e-19
3.112999999999915417e+02 2.203902485568955803e-19
3.113099999999915326e+02 2.184151573180708131e-19
3.113199999999915235e+02 2.164122504251866630e-19
3.113299999999915144e+02 2.143729029004600297e-19
3.113399999999915053e+02 2.122884897661082219e-19
3.113499999999914962e+02 2.101503860443482597e-19
3.113599999999914871e+02 2.079499667573972352e-19
3.113699999999914780e+02 2.056794678159404918e-19
3.113799999999914689e+02 2.033400126119319030e-19
3.113899999999914598e+02 2.009379676744085726e-19
3.113999999999914507e+02 1.984797672991393295e-19
3.114099999999914417e+02 1.959718457818930511e-19
3.114199999999914326e+02 1.934206374184383737e-19
3.114299999999914235e+02 1.908325765045442228e-19
3.114399999999914144e+02 1.882140973359793551e-19
3.114499999999914053e+02 1.855716342085125756e-19
3.114599999999913962e+02 1.829116214179125929e-19
3.114699999999913871e+02 1.802404932599482844e-19
3.114799999999913780e+02 1.775648558755197976e-19
3.114899999999913689e+02 1.748925854484547970e-19
3.114999999999913598e+02 1.722321273995815514e-19
3.115099999999913507e+02 1.695919298348086284e-19
3.115199999999913416e+02 1.669804408600444512e-19
3.115299999999913325e+02 1.644061085811976355e-19
3.115399999999913234e+02 1.618773811041766526e-19
3.115499999999913143e+02 1.594027065348899257e-19
3.115599999999913052e+02 1.569905329792460223e-19
3.115699999999912961e+02 1.546493085431534859e-19
3.115799999999912870e+02 1.523874813325208119e-19
3.115899999999912779e+02 1.502123023290960853e-19
3.115999999999912689e+02 1.481247418396405313e-19
3.116099999999912598e+02 1.461237175180157282e-19
3.116199999999912507e+02 1.442081458599924246e-19
3.116299999999912416e+02 1.423769433613414418e-19
3.116399999999912325e+02 1.406290265178337693e-19
3.116499999999912234e+02 1.389633118252400837e-19
3.116599999999912143e+02 1.373787157793312541e-19
3.116699999999912052e+02 1.358741548758781259e-19
3.116799999999911961e+02 1.344485456106515440e-19
3.116899999999911870e+02 1.331008044793691980e-19
3.116999999999911779e+02 1.318297932946780697e-19
3.117099999999911688e+02 1.306341616006866159e-19
3.117199999999911597e+02 1.295125074428292892e-19
3.117299999999911506e+02 1.284634288665407589e-19
3.117399999999911415e+02 1.274855239172555260e-19
3.117499999999911324e+02 1.265773906404081393e-19
3.117599999999911233e+02 1.257376270814330996e-19
3.117699999999911142e+02 1.249648312857650040e-19
3.117799999999911051e+02 1.242576012988384016e-19
3.117899999999910960e+02 1.236145351660877690e-19
3.117999999999910870e+02 1.230342323183844275e-19
3.118099999999910779e+02 1.225164130562401123e-19
3.118199999999910688e+02 1.220639395941535374e-19
3.118299999999910597e+02 1.216802205218292348e-19
3.118399999999910506e+02 1.213686644289717843e-19
3.118499999999910415e+02 1.211326799052857421e-19
3.118599999999910324e+02 1.209756755404755916e-19
3.118699999999910233e+02 1.209010599242459613e-19
3.118799999999910142e+02 1.209122416463013588e-19
3.118899999999910051e+02 1.210126292963463160e-19
3.118999999999909960e+02 1.212056314640854130e-19
3.119099999999909869e+02 1.214946292905778839e-19
3.119199999999909778e+02 1.218789156117864464e-19
3.119299999999909687e+02 1.223493930043206255e-19
3.119399999999909596e+02 1.228959341103285555e-19
3.119499999999909505e+02 1.235084115719583948e-19
3.119599999999909414e+02 1.241766980313582778e-19
3.119699999999909323e+02 1.248906661306764110e-19
3.119799999999909232e+02 1.256401885120609529e-19
3.119899999999909141e+02 1.264151378176600379e-19
3.119999999999909051e+02 1.272053866896218966e-19
3.120099999999908960e+02 1.280008077700945911e-19
3.120199999999908869e+02 1.287912885249212595e-19
3.120299999999908778e+02 1.295675645990101510e-19
3.120399999999908687e+02 1.303216631332251485e-19
3.120499999999908596e+02 1.310457196989479706e-19
3.120599999999908505e+02 1.317318698675602152e-19
3.120699999999908414e+02 1.323722492104435285e-19
3.120799999999908323e+02 1.329589932989794604e-19
3.120899999999908232e+02 1.334842377045497052e-19
3.120999999999908141e+02 1.339401179985358850e-19
3.121099999999908050e+02 1.343187697523196219e-19
3.121199999999907959e+02 1.346123285372825379e-19
3.121299999999907868e+02 1.348132017003463624e-19
3.121399999999907777e+02 1.349213989993588514e-19
3.121499999999907686e+02 1.349453691723240284e-19
3.121599999999907595e+02 1.348940006184618146e-19
3.121699999999907504e+02 1.347761817369922514e-19
3.121799999999907413e+02 1.346008009271353323e-19
3.121899999999907322e+02 1.343767465881110988e-19
3.121999999999907232e+02 1.341129071191394720e-19
3.122099999999907141e+02 1.338181709194404693e-19
3.122199999999907050e+02 1.335014263882341324e-19
3.122299999999906959e+02 1.331715619247404786e-19
3.122399999999906868e+02 1.328372749627429585e-19
3.122499999999906777e+02 1.325040362808068052e-19
3.122599999999906686e+02 1.321746292442937748e-19
3.122699999999906595e+02 1.318517552333439144e-19
3.122799999999906504e+02 1.315381156280974876e-19
3.122899999999906413e+02 1.312364118086945417e-19
3.122999999999906322e+02 1.309493451552753164e-19
3.123099999999906231e+02 1.306796170479798827e-19
3.123199999999906140e+02 1.304299288669485046e-19
3.123299999999906049e+02 1.302029819923212532e-19
3.123399999999905958e+02 1.300014778042383200e-19
3.123499999999905867e+02 1.298283968916453633e-19
3.123599999999905776e+02 1.296897054455770800e-19
3.123699999999905685e+02 1.295931790905029447e-19
3.123799999999905594e+02 1.295466187710802424e-19
3.123899999999905504e+02 1.295578254319664027e-19
3.123999999999905413e+02 1.296346000178188067e-19
3.124099999999905322e+02 1.297847434732948118e-19
3.124199999999905231e+02 1.300160567430517511e-19
3.124299999999905140e+02 1.303363407717471263e-19
3.124399999999905049e+02 1.307533965040381982e-19
3.124499999999904958e+02 1.312750248845823965e-19
3.124599999999904867e+02 1.319068887716110051e-19
3.124699999999904776e+02 1.326393469131838133e-19
3.124799999999904685e+02 1.334560887279997361e-19
3.124899999999904594e+02 1.343407760397188689e-19
3.124999999999904503e+02 1.352770706720013311e-19
3.125099999999904412e+02 1.362486344485071458e-19
3.125199999999904321e+02 1.372391423232599994e-19
3.125299999999904230e+02 1.382350528873854066e-19
3.125399999999904139e+02 1.392290353940505023e-19
3.125499999999904048e+02 1.402145994397032236e-19
3.125599999999903957e+02 1.411852546207915074e-19
3.125699999999903866e+02 1.421345105337633628e-19
3.125799999999903775e+02 1.430558767750665585e-19
3.125899999999903685e+02 1.439428629411492722e-19
3.125999999999903594e+02 1.447889786284593204e-19
3.126099999999903503e+02 1.455877334334446884e-19
3.126199999999903412e+02 1.463326369525533131e-19
3.126299999999903321e+02 1.470171987822331316e-19
3.126399999999903230e+02 1.476362915217982144e-19
3.126499999999903139e+02 1.481970551731186515e-19
3.126599999999903048e+02 1.487131216874144561e-19
3.126699999999902957e+02 1.491981821341679180e-19
3.126799999999902866e+02 1.496659275828614713e-19
3.126899999999902775e+02 1.501300491029774057e-19
3.126999999999902684e+02 1.506042377639980832e-19
3.127099999999902593e+02 1.511021846354058898e-19
3.127199999999902502e+02 1.516375807866830911e-19
3.127299999999902411e+02 1.522241172873121214e-19
3.127399999999902320e+02 1.528754852067753185e-19
3.127499999999902229e+02 1.536053491280559821e-19
3.127599999999902138e+02 1.544249492314234551e-19
3.127699999999902047e+02 1.553411875483247584e-19
3.127799999999901956e+02 1.563605157624964807e-19
3.127899999999901866e+02 1.574893855576752591e-19
3.127999999999901775e+02 1.587342486175978025e-19
3.128099999999901684e+02 1.601015566260006756e-19
3.128199999999901593e+02 1.615977612666206840e-19
3.128299999999901502e+02 1.632293142231943199e-19
3.128399999999901411e+02 1.650026671794582445e-19
3.128499999999901320e+02 1.669242718191491908e-19
3.128599999999901229e+02 1.690005798260037236e-19
3.128699999999901138e+02 1.712361687077544144e-19
3.128799999999901047e+02 1.736222008941925321e-19
3.128899999999900956e+02 1.761439927010789087e-19
3.128999999999900865e+02 1.787868362552737947e-19
3.129099999999900774e+02 1.815360236836374406e-19
3.129199999999900683e+02 1.843768471130301932e-19
3.129299999999900592e+02 1.872945986703123030e-19
3.129399999999900501e+02 1.902745704823440688e-19
3.129499999999900410e+02 1.933020546759857409e-19
3.129599999999900319e+02 1.963623433780976181e-19
3.129699999999900228e+02 1.994407287155400232e-19
3.129799999999900137e+02 2.025224498036925942e-19
3.129899999999900047e+02 2.055900996924084400e-19
3.129999999999899956e+02 2.086224510417160502e-19
3.130099999999899865e+02 2.115979786583827734e-19
3.130199999999899774e+02 2.144951573491759345e-19
3.130299999999899683e+02 2.172924619208629303e-19
3.130399999999899592e+02 2.199683671802109894e-19
3.130499999999899501e+02 2.225013479339877011e-19
3.130599999999899410e+02 2.248698789889601736e-19
3.130699999999899319e+02 2.270524351518958519e-19
3.130799999999899228e+02 2.290274912295620849e-19
3.130899999999899137e+02 2.307735220287261731e-19
3.130999999999899046e+02 2.322718766477454616e-19
3.131099999999898955e+02 2.335194505934463264e-19
3.131199999999898864e+02 2.345183714507932793e-19
3.131299999999898773e+02 2.352707707475383029e-19
3.131399999999898682e+02 2.357787800114328987e-19
3.131499999999898591e+02 2.360445307702287606e-19
3.131599999999898500e+02 2.360701545516774860e-19
3.131699999999898409e+02 2.358577828835308652e-19
3.131799999999898318e+02 2.354095472935404958e-19
3.131899999999898228e+02 2.347275793094579754e-19
3.131999999999898137e+02 2.338140104590350460e-19
3.132099999999898046e+02 2.326712273980584681e-19
3.132199999999897955e+02 2.313091316853653470e-19
3.132299999999897864e+02 2.297461875926615483e-19
3.132399999999897773e+02 2.280013252015553079e-19
3.132499999999897682e+02 2.260934745936547650e-19
3.132599999999897591e+02 2.240415658505680109e-19
3.132699999999897500e+02 2.218645290539030887e-19
3.132799999999897409e+02 2.195812942852682340e-19
3.132899999999897318e+02 2.172107916262715862e-19
3.132999999999897227e+02 2.147719511585212125e-19
3.133099999999897136e+02 2.122837029636253004e-19
3.133199999999897045e+02 2.097649771231919652e-19
3.133299999999896954e+02 2.072317676845059347e-19
3.133399999999896863e+02 2.046879668741586366e-19
3.133499999999896772e+02 2.021343493360434594e-19
3.133599999999896681e+02 1.995716897110282040e-19
3.133699999999896590e+02 1.970007626399805268e-19
3.133799999999896500e+02 1.944223427637682045e-19
3.133899999999896409e+02 1.918372047232587973e-19
3.133999999999896318e+02 1.892461231593200578e-19
3.134099999999896227e+02 1.866498727128196666e-19
3.134199999999896136e+02 1.840492280246252559e-19
3.134299999999896045e+02 1.814449637356046025e-19
3.134399999999895954e+02 1.788379550690902101e-19
3.134499999999895863e+02 1.762310078563501671e-19
3.134599999999895772e+02 1.736286671524290362e-19
3.134699999999895681e+02 1.710355401871853727e-19
3.134799999999895590e+02 1.684562341904779247e-19
3.134899999999895499e+02 1.658953563921652715e-19
3.134999999999895408e+02 1.633575140221060889e-19
3.135099999999895317e+02 1.608473143101590528e-19
3.135199999999895226e+02 1.583693644861827666e-19
3.135299999999895135e+02 1.559282717800359061e-19
3.135399999999895044e+02 1.535286434215771711e-19
3.135499999999894953e+02 1.511750867386696974e-19
3.135599999999894862e+02 1.488723827670073889e-19
3.135699999999894771e+02 1.466258440507690869e-19
3.135799999999894681e+02 1.444408844419792416e-19
3.135899999999894590e+02 1.423229177926624475e-19
3.135999999999894499e+02 1.402773579548432029e-19
3.136099999999894408e+02 1.383096187805460303e-19
3.136199999999894317e+02 1.364251141217955001e-19
3.136299999999894226e+02 1.346292578306160386e-19
3.136399999999894135e+02 1.329274637590322402e-19
3.136499999999894044e+02 1.313251457590686514e-19
3.136599999999893953e+02 1.298277176827497465e-19
3.136699999999893862e+02 1.284401734870126905e-19
3.136799999999893771e+02 1.271623183569368308e-19
3.136899999999893680e+02 1.259904578421911990e-19
3.136999999999893589e+02 1.249208319375894759e-19
3.137099999999893498e+02 1.239496806379453904e-19
3.137199999999893407e+02 1.230732439380727678e-19
3.137299999999893316e+02 1.222877618327851925e-19
3.137399999999893225e+02 1.215894743168965379e-19
3.137499999999893134e+02 1.209746213852204365e-19
3.137599999999893043e+02 1.204394430325706655e-19
3.137699999999892952e+02 1.199801792537609298e-19
3.137799999999892862e+02 1.195930572014663648e-19
3.137899999999892771e+02 1.192715814949417782e-19
3.137999999999892680e+02 1.190031824217830931e-19
3.138099999999892589e+02 1.187744683726991911e-19
3.138199999999892498e+02 1.185720477383990499e-19
3.138299999999892407e+02 1.183825289095916476e-19
3.138399999999892316e+02 1.181925202769859137e-19
3.138499999999892225e+02 1.179886302312908263e-19
3.138599999999892134e+02 1.177574671632153631e-19
3.138699999999892043e+02 1.174856394634684058e-19
3.138799999999891952e+02 1.171597555227590044e-19
3.138899999999891861e+02 1.167664237317960404e-19
3.138999999999891770e+02 1.162936174338637381e-19
3.139099999999891679e+02 1.157408019217422933e-19
3.139199999999891588e+02 1.151131990100667470e-19
3.139299999999891497e+02 1.144160734978374570e-19
3.139399999999891406e+02 1.136546901840546126e-19
3.139499999999891315e+02 1.128343138677185715e-19
3.139599999999891224e+02 1.119602093478296675e-19
3.139699999999891133e+02 1.110376414233881380e-19
3.139799999999891043e+02 1.100718748933942926e-19
3.139899999999890952e+02 1.090681745568484649e-19
3.139999999999890861e+02 1.080318052127508925e-19
3.140099999999890770e+02 1.069680324916786525e-19
3.140199999999890679e+02 1.058821770658191942e-19
3.140299999999890588e+02 1.047796480208602220e-19
3.140399999999890497e+02 1.036658624220531340e-19
3.140499999999890406e+02 1.025462373346494245e-19
3.140599999999890315e+02 1.014261898239004676e-19
3.140699999999890224e+02 1.003111369550576494e-19
3.140799999999890133e+02 9.920649579337242800e-20
3.140899999999890042e+02 9.811768340409623774e-20
3.140999999999889951e+02 9.705011685248047670e-20
3.141099999999889860e+02 9.600921320377657906e-20
3.141199999999889769e+02 9.500038952323595497e-20
3.141299999999889678e+02 9.402854965083975294e-20
3.141399999999889587e+02 9.309573532874411033e-20
3.141499999999889496e+02 9.220299652445564728e-20
3.141599999999889405e+02 9.135138223649815476e-20
3.141699999999889314e+02 9.054194146339542373e-20
3.141799999999889224e+02 8.977572320367136554e-20
3.141899999999889133e+02 8.905377645584966281e-20
3.141999999999889042e+02 8.837715021845423891e-20
3.142099999999888951e+02 8.774689349000883667e-20
3.142199999999888860e+02 8.716405526903727112e-20
3.142299999999888769e+02 8.662968455406338138e-20
3.142399999999888678e+02 8.614483232379779192e-20
3.142499999999888587e+02 8.571060788418292634e-20
3.142599999999888496e+02 8.532818700101242422e-20
3.142699999999888405e+02 8.499874905548277795e-20
3.142799999999888314e+02 8.472347342879052807e-20
3.142899999999888223e+02 8.450353950213214290e-20
3.142999999999888132e+02 8.434012665670412687e-20
3.143099999999888041e+02 8.423441427370299645e-20
3.143199999999887950e+02 8.418758173432529217e-20
3.143299999999887859e+02 8.420080841976749441e-20
3.143399999999887768e+02 8.427527371122610758e-20
3.143499999999887677e+02 8.441215698574689598e-20
3.143599999999887586e+02 8.461208703882641732e-20
3.143699999999887496e+02 8.487361853497561163e-20
3.143799999999887405e+02 8.519481780976386012e-20
3.143899999999887314e+02 8.557375119876041159e-20
3.143999999999887223e+02 8.600848503753462316e-20
3.144099999999887132e+02 8.649708566165580383e-20
3.144199999999887041e+02 8.703761940669325053e-20
3.144299999999886950e+02 8.762815260821630837e-20
3.144399999999886859e+02 8.826675160179427429e-20
3.144499999999886768e+02 8.895148272299649338e-20
3.144599999999886677e+02 8.968041230739222649e-20
3.144699999999886586e+02 9.045146695850780050e-20
3.144799999999886495e+02 9.126039737166060028e-20
3.144899999999886404e+02 9.210123460232402271e-20
3.144999999999886313e+02 9.296796281474943982e-20
3.145099999999886222e+02 9.385456617318824771e-20
3.145199999999886131e+02 9.475502884189184251e-20
3.145299999999886040e+02 9.566333498511158420e-20
3.145399999999885949e+02 9.657346876709888093e-20
3.145499999999885858e+02 9.747941435210511677e-20
3.145599999999885767e+02 9.837515590438168783e-20
3.145699999999885677e+02 9.925467758818000226e-20
3.145799999999885586e+02 1.001119680626294838e-19
3.145899999999885495e+02 1.009427109070920704e-19
3.145999999999885404e+02 1.017468241571092630e-19
3.146099999999885313e+02 1.025248762711448650e-19
3.146199999999885222e+02 1.032774357076625229e-19
3.146299999999885131e+02 1.040050709251259555e-19
3.146399999999885040e+02 1.047083503819988457e-19
3.146499999999884949e+02 1.053878425367449484e-19
3.146599999999884858e+02 1.060441158478279825e-19
3.146699999999884767e+02 1.066777387737115585e-19
3.146799999999884676e+02 1.072892797728595156e-19
3.146899999999884585e+02 1.078793073037354885e-19
3.146999999999884494e+02 1.084481113040580853e-19
3.147099999999884403e+02 1.089933887544727849e-19
3.147199999999884312e+02 1.095114264436078230e-19
3.147299999999884221e+02 1.099984970678438605e-19
3.147399999999884130e+02 1.104508733235615583e-19
3.147499999999884039e+02 1.108648279071414327e-19
3.147599999999883948e+02 1.112366335149642411e-19
3.147699999999883858e+02 1.115625628434104998e-19
3.147799999999883767e+02 1.118388885888609178e-19
3.147899999999883676e+02 1.120618834476960598e-19
3.147999999999883585e+02 1.122278201162965625e-19
3.148099999999883494e+02 1.123330110152668735e-19
3.148199999999883403e+02 1.123766073411296586e-19
3.148299999999883312e+02 1.123624443286249670e-19
3.148399999999883221e+02 1.122947952563735650e-19
3.148499999999883130e+02 1.121779334029961952e-19
3.148599999999883039e+02 1.120161320471136240e-19
3.148699999999882948e+02 1.118136644673466420e-19
3.148799999999882857e+02 1.115748039423159917e-19
3.148899999999882766e+02 1.113038237506424156e-19
3.148999999999882675e+02 1.110049971709467041e-19
3.149099999999882584e+02 1.106825974818496479e-19
3.149199999999882493e+02 1.103408979619719172e-19
3.149299999999882402e+02 1.099848498876956812e-19
3.149399999999882311e+02 1.096233033409130397e-19
3.149499999999882220e+02 1.092664992922466505e-19
3.149599999999882129e+02 1.089246804315095405e-19
3.149699999999882039e+02 1.086080894485148567e-19
3.149799999999881948e+02 1.083269690330756256e-19
3.149899999999881857e+02 1.080915618750049583e-19
3.149999999999881766e+02 1.079121106641159656e-19
3.150099999999881675e+02 1.077988580902216984e-19
3.150199999999881584e+02 1.077620468431352914e-19
3.150299999999881493e+02 1.078119196126697354e-19
3.150399999999881402e+02 1.079585185176489314e-19
3.150499999999881311e+02 1.082062750797048697e-19
3.150599999999881220e+02 1.085533928332086317e-19
3.150699999999881129e+02 1.089977508415165265e-19
3.150799999999881038e+02 1.095372281679848512e-19
3.150899999999880947e+02 1.101697038759698066e-19
3.150999999999880856e+02 1.108930570288277139e-19
3.151099999999880765e+02 1.117051666899148220e-19
3.151199999999880674e+02 1.126039119225874280e-19
3.151299999999880583e+02 1.135871717902017569e-19
3.151399999999880492e+02 1.146528253561141537e-19
3.151499999999880401e+02 1.157987515163022683e-19
3.151599999999880310e+02 1.170198879906675457e-19
3.151699999999880220e+02 1.183007359436512158e-19
3.151799999999880129e+02 1.196234826984486297e-19
3.151899999999880038e+02 1.209703155782553550e-19
3.151999999999879947e+02 1.223234219062668632e-19
3.152099999999879856e+02 1.236649890056784571e-19
3.152199999999879765e+02 1.249772041996857045e-19
3.152299999999879674e+02 1.262422548114840046e-19
3.152399999999879583e+02 1.274423281642688286e-19
3.152499999999879492e+02 1.285596115812355519e-19
3.152599999999879401e+02 1.295762923855797179e-19
3.152699999999879310e+02 1.304753805102300714e-19
3.152799999999879219e+02 1.312508428292647945e-19
3.152899999999879128e+02 1.319044389493985162e-19
3.152999999999879037e+02 1.324380951166237128e-19
3.153099999999878946e+02 1.328537375769327403e-19
3.153199999999878855e+02 1.331532925763180989e-19
3.153299999999878764e+02 1.333386863607721207e-19
3.153399999999878673e+02 1.334118451762872336e-19
3.153499999999878582e+02 1.333746952688559141e-19
3.153599999999878492e+02 1.332291628844704940e-19
3.153699999999878401e+02 1.329771742691234495e-19
3.153799999999878310e+02 1.326206749639074997e-19
3.153899999999878219e+02 1.321652243399623265e-19
3.153999999999878128e+02 1.316242222818635554e-19
3.154099999999878037e+02 1.310120959106828790e-19
3.154199999999877946e+02 1.303432723474921340e-19
3.154299999999877855e+02 1.296321787133630851e-19
3.154399999999877764e+02 1.288932421293674245e-19
3.154499999999877673e+02 1.281408897165769893e-19
3.154599999999877582e+02 1.273895485960634957e-19
3.154699999999877491e+02 1.266536458888987084e-19
3.154799999999877400e+02 1.259476087161544162e-19
3.154899999999877309e+02 1.252858641989023836e-19
3.154999999999877218e+02 1.246818422149875913e-19
3.155099999999877127e+02 1.241416023915034966e-19
3.155199999999877036e+02 1.236679009873306178e-19
3.155299999999876945e+02 1.232634786794236267e-19
3.155399999999876854e+02 1.229310761447372428e-19
3.155499999999876763e+02 1.226734340602261378e-19
3.155599999999876673e+02 1.224932931028451036e-19
3.155699999999876582e+02 1.223933939495487156e-19
3.155799999999876491e+02 1.223764772772918137e-19
3.155899999999876400e+02 1.224452837630290455e-19
3.155999999999876309e+02 1.226025540837150584e-19
3.156099999999876218e+02 1.228508505977646802e-19
3.156199999999876127e+02 1.231853757122708714e-19
3.156299999999876036e+02 1.235915158613825143e-19
3.156399999999875945e+02 1.240539751528240976e-19
3.156499999999875854e+02 1.245574576943201820e-19
3.156599999999875763e+02 1.250866675935953043e-19
3.156699999999875672e+02 1.256263089583740253e-19
3.156799999999875581e+02 1.261610858963809058e-19
3.156899999999875490e+02 1.266757025153405307e-19
3.156999999999875399e+02 1.271548629229773164e-19
3.157099999999875308e+02 1.275832712270159442e-19
3.157199999999875217e+02 1.279456315351809025e-19
3.157299999999875126e+02 1.282284138362535967e-19
3.157399999999875035e+02 1.284255885318115746e-19
3.157499999999874944e+02 1.285331170206044993e-19
3.157599999999874854e+02 1.285469607163916482e-19
3.157699999999874763e+02 1.284630810329324674e-19
3.157799999999874672e+02 1.282774393839863068e-19
3.157899999999874581e+02 1.279859971833124680e-19
3.157999999999874490e+02 1.275847158446704212e-19
3.158099999999874399e+02 1.270695567818194921e-19
3.158199999999874308e+02 1.264364814085189823e-19
3.158299999999874217e+02 1.256814511385283622e-19
3.158399999999874126e+02 1.248009435843405378e-19
3.158499999999874035e+02 1.237998068461609361e-19
3.158599999999873944e+02 1.226896802473059639e-19
3.158699999999873853e+02 1.214823991222671357e-19
3.158799999999873762e+02 1.201897988055358939e-19
3.158899999999873671e+02 1.188237146316037531e-19
3.158999999999873580e+02 1.173959819349621074e-19
3.159099999999873489e+02 1.159184360501025436e-19
3.159199999999873398e+02 1.144029123115163838e-19
3.159299999999873307e+02 1.128612460536952147e-19
3.159399999999873216e+02 1.113052726111303823e-19
3.159499999999873125e+02 1.097468190899197753e-19
3.159599999999873035e+02 1.081954273488286648e-19
3.159699999999872944e+02 1.066552452240315245e-19
3.159799999999872853e+02 1.051296426242167032e-19
3.159899999999872762e+02 1.036219894580727302e-19
3.159999999999872671e+02 1.021356556342879182e-19
3.160099999999872580e+02 1.006740110615507122e-19
3.160199999999872489e+02 9.924042564854956931e-20
3.160299999999872398e+02 9.783826930397291057e-20
3.160399999999872307e+02 9.647091193650909673e-20
3.160499999999872216e+02 9.514172345484662102e-20
3.160599999999872125e+02 9.385407376767384422e-20
3.160699999999872034e+02 9.261096451638508858e-20
3.160799999999871943e+02 9.141249378640877831e-20
3.160899999999871852e+02 9.025738356067243904e-20
3.160999999999871761e+02 8.914434755892011635e-20
3.161099999999871670e+02 8.807209950089586786e-20
3.161199999999871579e+02 8.703935310634373916e-20
3.161299999999871488e+02 8.604482209500773970e-20
3.161399999999871397e+02 8.508722018663198731e-20
3.161499999999871306e+02 8.416526110096050348e-20
3.161599999999871216e+02 8.327765855773729769e-20
3.161699999999871125e+02 8.242312627670645162e-20
3.161799999999871034e+02 8.160038848116734695e-20
3.161899999999870943e+02 8.080863044368855871e-20
3.161999999999870852e+02 8.004766877877304577e-20
3.162099999999870761e+02 7.931736572148387580e-20
3.162199999999870670e+02 7.861758350688417664e-20
3.162299999999870579e+02 7.794818437003697987e-20
3.162399999999870488e+02 7.730903054600537721e-20
3.162499999999870397e+02 7.669998426985243633e-20
3.162599999999870306e+02 7.612090777664124899e-20
3.162699999999870215e+02 7.557166330143490691e-20
3.162799999999870124e+02 7.505211307929645369e-20
3.162899999999870033e+02 7.456211934528900515e-20
3.162999999999869942e+02 7.410160005927874992e-20
3.163099999999869851e+02 7.367070986696339213e-20
3.163199999999869760e+02 7.326966624269219666e-20
3.163299999999869669e+02 7.289868666128803865e-20
3.163399999999869578e+02 7.255798859757373305e-20
3.163499999999869488e+02 7.224778952637226334e-20
3.163599999999869397e+02 7.196830692250639632e-20
3.163699999999869306e+02 7.171975826079907935e-20
3.163799999999869215e+02 7.150236101607312739e-20
3.163899999999869124e+02 7.131633266315145168e-20
3.163999999999869033e+02 7.116189067685691533e-20
3.164099999999868942e+02 7.103931677541734040e-20
3.164199999999868851e+02 7.094989307574697503e-20
3.164299999999868760e+02 7.089569231884742375e-20
3.164399999999868669e+02 7.087880880449603374e-20
3.164499999999868578e+02 7.090133683247005591e-20
3.164599999999868487e+02 7.096537070254688558e-20
3.164699999999868396e+02 7.107300471450373754e-20
3.164799999999868305e+02 7.122633316811794693e-20
3.164899999999868214e+02 7.142745036316684893e-20
3.164999999999868123e+02 7.167845059942771848e-20
3.165099999999868032e+02 7.198142817667786667e-20
3.165199999999867941e+02 7.233846818480165105e-20
3.165299999999867850e+02 7.274942981317798817e-20
3.165399999999867759e+02 7.320906447723368876e-20
3.165499999999867669e+02 7.371141000224821196e-20
3.165599999999867578e+02 7.425050421350095675e-20
3.165699999999867487e+02 7.482038493627143043e-20
3.165799999999867396e+02 7.541508999583900789e-20
3.165899999999867305e+02 7.602865721748316033e-20
3.165999999999867214e+02 7.665512442648332282e-20
3.166099999999867123e+02 7.728852944811894249e-20
3.166199999999867032e+02 7.792291010766944236e-20
3.166299999999866941e+02 7.855230423041428160e-20
3.166399999999866850e+02 7.917097621807804619e-20
3.166499999999866759e+02 7.977486501393260393e-20
3.166599999999866668e+02 8.036066009573041706e-20
3.166699999999866577e+02 8.092505448148102254e-20
3.166799999999866486e+02 8.146474118919389714e-20
3.166899999999866395e+02 8.197641323687858985e-20
3.166999999999866304e+02 8.245676364254462560e-20
3.167099999999866213e+02 8.290248542420149320e-20
3.167199999999866122e+02 8.331027159985871757e-20
3.167299999999866031e+02 8.367681518752588382e-20
3.167399999999865940e+02 8.399880920521239650e-20
3.167499999999865850e+02 8.427303344704793280e-20
3.167599999999865759e+02 8.449927425003192653e-20
3.167699999999865668e+02 8.468102365040386650e-20
3.167799999999865577e+02 8.482200221078558317e-20
3.167899999999865486e+02 8.492593049379878667e-20
3.167999999999865395e+02 8.499652906206527135e-20
3.168099999999865304e+02 8.503751847820684363e-20
3.168199999999865213e+02 8.505261930484523769e-20
3.168299999999865122e+02 8.504555210460227196e-20
3.168399999999865031e+02 8.502003744009968064e-20
3.168499999999864940e+02 8.497979587395925809e-20
3.168599999999864849e+02 8.492854796272397396e-20
3.168699999999864758e+02 8.486976826911688070e-20
3.168799999999864667e+02 8.480603198760697737e-20
3.168899999999864576e+02 8.473970883214411495e-20
3.168999999999864485e+02 8.467316851667807224e-20
3.169099999999864394e+02 8.460878075515870022e-20
3.169199999999864303e+02 8.454891526153576563e-20
3.169299999999864212e+02 8.449594174975917967e-20
3.169399999999864121e+02 8.445222993377868499e-20
3.169499999999864031e+02 8.442014952754409648e-20
3.169599999999863940e+02 8.440207024500528922e-20
3.169699999999863849e+02 8.440036180011201791e-20
3.169799999999863758e+02 8.441734780463590504e-20
3.169899999999863667e+02 8.445478217164873129e-20
3.169999999999863576e+02 8.451403457344253781e-20
3.170099999999863485e+02 8.459646748474576469e-20
3.170199999999863394e+02 8.470344338028668348e-20
3.170299999999863303e+02 8.483632473479374629e-20
3.170399999999863212e+02 8.499647402299530894e-20
3.170499999999863121e+02 8.518525371961967910e-20
3.170599999999863030e+02 8.540402629939532093e-20
3.170699999999862939e+02 8.565415423705051800e-20
3.170799999999862848e+02 8.593700000731369837e-20
3.170899999999862757e+02 8.625389807206344484e-20
3.170999999999862666e+02 8.660337968542331268e-20
3.171099999999862575e+02 8.697882176980991300e-20
3.171199999999862484e+02 8.737304759855149159e-20
3.171299999999862393e+02 8.777888044497639055e-20
3.171399999999862303e+02 8.818914358241285565e-20
3.171499999999862212e+02 8.859666028418921696e-20
3.171599999999862121e+02 8.899425382363374432e-20
3.171699999999862030e+02 8.937474747407473168e-20
3.171799999999861939e+02 8.973096450884043686e-20
3.171899999999861848e+02 9.005572820125921399e-20
3.171999999999861757e+02 9.034186182465928478e-20
3.172099999999861666e+02 9.058290755919090467e-20
3.172199999999861575e+02 9.077641670492174493e-20
3.172299999999861484e+02 9.092132980287045267e-20
3.172399999999861393e+02 9.101658875137064412e-20
3.172499999999861302e+02 9.106113544875595957e-20
3.172599999999861211e+02 9.105391179336006337e-20
3.172699999999861120e+02 9.099385968351657174e-20
3.172799999999861029e+02 9.087992101755916107e-20
3.172899999999860938e+02 9.071103769382143555e-20
3.172999999999860847e+02 9.048615161063707158e-20
3.173099999999860756e+02 9.020420466633966128e-20
3.173199999999860665e+02 8.986428112060131215e-20
3.173299999999860574e+02 8.946859077017679798e-20
3.173399999999860484e+02 8.902238846519212097e-20
3.173499999999860393e+02 8.853105531693516389e-20
3.173599999999860302e+02 8.799997243669382153e-20
3.173699999999860211e+02 8.743452093575596463e-20
3.173799999999860120e+02 8.684008192540946393e-20
3.173899999999860029e+02 8.622203651694231052e-20
3.173999999999859938e+02 8.558576582164224273e-20
3.174099999999859847e+02 8.493665095079722759e-20
3.174199999999859756e+02 8.428007301569515990e-20
3.174299999999859665e+02 8.362141210921592900e-20
3.174399999999859574e+02 8.296550253771078915e-20
3.174499999999859483e+02 8.231573463857340538e-20
3.174599999999859392e+02 8.167526268340574778e-20
3.174699999999859301e+02 8.104724094380975036e-20
3.174799999999859210e+02 8.043482369138733506e-20
3.174899999999859119e+02 7.984116519774050811e-20
3.174999999999859028e+02 7.926941973447117943e-20
3.175099999999858937e+02 7.872274157318135523e-20
3.175199999999858846e+02 7.820428498547292136e-20
3.175299999999858755e+02 7.771720424294787200e-20
3.175399999999858665e+02 7.726465361720815319e-20
3.175499999999858574e+02 7.684946390846104016e-20
3.175599999999858483e+02 7.647174251318352912e-20
3.175699999999858392e+02 7.613023262649474668e-20
3.175799999999858301e+02 7.582366725692347160e-20
3.175899999999858210e+02 7.555077941299862709e-20
3.175999999999858119e+02 7.531030210324891968e-20
3.176099999999858028e+02 7.510096833620328459e-20
3.176199999999857937e+02 7.492151112039047650e-20
3.176299999999857846e+02 7.477066346433932233e-20
3.176399999999857755e+02 7.464715837657869711e-20
3.176499999999857664e+02 7.454972886563737961e-20
3.176599999999857573e+02 7.447709989237710430e-20
3.176699999999857482e+02 7.442766425680697836e-20
3.176799999999857391e+02 7.439937175574200585e-20
3.176899999999857300e+02 7.439014139202633724e-20
3.176999999999857209e+02 7.439789216850406279e-20
3.177099999999857118e+02 7.442054308801927277e-20
3.177199999999857027e+02 7.445601315341608152e-20
3.177299999999856936e+02 7.450222136753856729e-20
3.177399999999856846e+02 7.455708673323083237e-20
3.177499999999856755e+02 7.461852825333700315e-20
3.177599999999856664e+02 7.468446493070114583e-20
3.177699999999856573e+02 7.475281579271867227e-20
3.177799999999856482e+02 7.482249339189983979e-20
3.177899999999856391e+02 7.489604266854703680e-20
3.177999999999856300e+02 7.497683846209021304e-20
3.178099999999856209e+02 7.506825561195948677e-20
3.178199999999856118e+02 7.517366895758487994e-20
3.178299999999856027e+02 7.529645333839642657e-20
3.178399999999855936e+02 7.543998359382416064e-20
3.178499999999855845e+02 7.560763456329815226e-20
3.178599999999855754e+02 7.580278108624842341e-20
3.178699999999855663e+02 7.602879800210500807e-20
3.178799999999855572e+02 7.628906015029795228e-20
3.178899999999855481e+02 7.658673171344820090e-20
3.178999999999855390e+02 7.692246777963905737e-20
3.179099999999855299e+02 7.729527561029015438e-20
3.179199999999855208e+02 7.770413366761916273e-20
3.179299999999855117e+02 7.814802041384370508e-20
3.179399999999855027e+02 7.862591431118141612e-20
3.179499999999854936e+02 7.913679382184995464e-20
3.179599999999854845e+02 7.967963740806691921e-20
3.179699999999854754e+02 8.025342353205000472e-20
3.179799999999854663e+02 8.085713065601682179e-20
3.179899999999854572e+02 8.148973724218501715e-20
3.179999999999854481e+02 8.215017419025477591e-20
3.180099999999854390e+02 8.283369247029252342e-20
3.180199999999854299e+02 8.352930531618257288e-20
3.180299999999854208e+02 8.422542174166766746e-20
3.180399999999854117e+02 8.491045076049053829e-20
3.180499999999854026e+02 8.557280138639392853e-20
3.180599999999853935e+02 8.620088263312054526e-20
3.180699999999853844e+02 8.678310351441315570e-20
3.180799999999853753e+02 8.730787304401446692e-20
3.180899999999853662e+02 8.776360023566724617e-20
3.180999999999853571e+02 8.813869410311417642e-20
3.181099999999853480e+02 8.842156366009804900e-20
3.181199999999853389e+02 8.860290393665684292e-20
3.181299999999853299e+02 8.868436149645795941e-20
3.181399999999853208e+02 8.867085855847836522e-20
3.181499999999853117e+02 8.856731793619192495e-20
3.181599999999853026e+02 8.837866244307249113e-20
3.181699999999852935e+02 8.810981489259389224e-20
3.181799999999852844e+02 8.776569809823001694e-20
3.181899999999852753e+02 8.735123487345458537e-20
3.181999999999852662e+02 8.687134803174159451e-20
3.182099999999852571e+02 8.633096038656476451e-20
3.182199999999852480e+02 8.573499475139802014e-20
3.182299999999852389e+02 8.508841277166006289e-20
3.182399999999852298e+02 8.439680577722413642e-20
3.182499999999852207e+02 8.366627597949982987e-20
3.182599999999852116e+02 8.290294033517722159e-20
3.182699999999852025e+02 8.211291580094653440e-20
3.182799999999851934e+02 8.130231933349789481e-20
3.182899999999851843e+02 8.047726788952145341e-20
3.182999999999851752e+02 7.964387842570734876e-20
3.183099999999851661e+02 7.880826789874579162e-20
3.183199999999851570e+02 7.797655326532686037e-20
3.183299999999851480e+02 7.715485148214074170e-20
3.183399999999851389e+02 7.634926431534649295e-20
3.183499999999851298e+02 7.556336378834509000e-20
3.183599999999851207e+02 7.479538420461612059e-20
3.183699999999851116e+02 7.404288286753533653e-20
3.183799999999851025e+02 7.330341708047848962e-20
3.183899999999850934e+02 7.257454414682130760e-20
3.183999999999850843e+02 7.185382136993959044e-20
3.184099999999850752e+02 7.113880605320901773e-20
3.184199999999850661e+02 7.042705550000538941e-20
3.184299999999850570e+02 6.971612701370445731e-20
3.184399999999850479e+02 6.900357789768192508e-20
3.184499999999850388e+02 6.828696545531362880e-20
3.184599999999850297e+02 6.756416098764070463e-20
3.184699999999850206e+02 6.683489792976134523e-20
3.184799999999850115e+02 6.609959355098868485e-20
3.184899999999850024e+02 6.535866616824365747e-20
3.184999999999849933e+02 6.461253409844723320e-20
3.185099999999849842e+02 6.386161565852037009e-20
3.185199999999849751e+02 6.310632916538397806e-20
3.185299999999849661e+02 6.234709293595906331e-20
3.185399999999849570e+02 6.158432528716657187e-20
3.185499999999849479e+02 6.081844453592744977e-20
3.185599999999849388e+02 6.004986899916264302e-20
3.185699999999849297e+02 5.927904030276670507e-20
3.185799999999849206e+02 5.850691182015030931e-20
3.185899999999849115e+02 5.773493549455658336e-20
3.185999999999849024e+02 5.696458394210321298e-20
3.186099999999848933e+02 5.619732977890790800e-20
3.186199999999848842e+02 5.543464562108836622e-20
3.186299999999848751e+02 5.467800408476224930e-20
3.186399999999848660e+02 5.392887778604729117e-20
3.186499999999848569e+02 5.318873934106115951e-20
3.186599999999848478e+02 5.245906136592154009e-20
3.186699999999848387e+02 5.174131647674616078e-20
3.186799999999848296e+02 5.103697674060161128e-20
3.186899999999848205e+02 5.034730718940406264e-20
3.186999999999848114e+02 4.967305561463765454e-20
3.187099999999848023e+02 4.901489035837920232e-20
3.187199999999847932e+02 4.837347976270554541e-20
3.187299999999847842e+02 4.774949216969352325e-20
3.187399999999847751e+02 4.714359592141998127e-20
3.187499999999847660e+02 4.655645935996172881e-20
3.187599999999847569e+02 4.598875082739562937e-20
3.187699999999847478e+02 4.544113866579852840e-20
3.187799999999847387e+02 4.491429121724722921e-20
3.187899999999847296e+02 4.440887682381860133e-20
3.187999999999847205e+02 4.392560864981305825e-20
3.188099999999847114e+02 4.346551064953806572e-20
3.188199999999847023e+02 4.302973844750229120e-20
3.188299999999846932e+02 4.261944814231381175e-20
3.188399999999846841e+02 4.223579583258066232e-20
3.188499999999846750e+02 4.187993761691091392e-20
3.188599999999846659e+02 4.155302959391260151e-20
3.188699999999846568e+02 4.125622786219379008e-20
3.188799999999846477e+02 4.099068852036252061e-20
3.188899999999846386e+02 4.075756766702684004e-20
3.188999999999846295e+02 4.055802140079483146e-20
3.189099999999846204e+02 4.039314561483840163e-20
3.189199999999846113e+02 4.026243500492758105e-20
3.189299999999846023e+02 4.016365268916145532e-20
3.189399999999845932e+02 4.009447545404709732e-20
3.189499999999845841e+02 4.005258008609155583e-20
3.189599999999845750e+02 4.003564337180190975e-20
3.189699999999845659e+02 4.004134209768519585e-20
3.189799999999845568e+02 4.006735305024848097e-20
3.189899999999845477e+02 4.011135301599881993e-20
3.189999999999845386e+02 4.017101878144329764e-20
3.190099999999845295e+02 4.024402713308893883e-20
3.190199999999845204e+02 4.032805514148356874e-20
3.190299999999845113e+02 4.042096528700528215e-20
3.190399999999845022e+02 4.052112493550730990e-20
3.190499999999844931e+02 4.062698658788538181e-20
3.190599999999844840e+02 4.073700274503518558e-20
3.190699999999844749e+02 4.084962590785241491e-20
3.190799999999844658e+02 4.096330857723280564e-20
3.190899999999844567e+02 4.107650325407204548e-20
3.190999999999844476e+02 4.118766243926584618e-20
3.191099999999844385e+02 4.129523863370990145e-20
3.191199999999844295e+02 4.139768433829992308e-20
3.191299999999844204e+02 4.149345205393162883e-20
3.191399999999844113e+02 4.158130751606114022e-20
3.191499999999844022e+02 4.166240726285748386e-20
3.191599999999843931e+02 4.173900979536716174e-20
3.191699999999843840e+02 4.181337949827945260e-20
3.191799999999843749e+02 4.188778075628363515e-20
3.191899999999843658e+02 4.196447795406896403e-20
3.191999999999843567e+02 4.204573547632471195e-20
3.192099999999843476e+02 4.213381770774015762e-20
3.192199999999843385e+02 4.223098903300456772e-20
3.192299999999843294e+02 4.233951383680722098e-20
3.192399999999843203e+02 4.246165650383736600e-20
3.192499999999843112e+02 4.259965727384568727e-20
3.192599999999843021e+02 4.275504518730815806e-20
3.192699999999842930e+02 4.292853892225843197e-20
3.192799999999842839e+02 4.312081307317201769e-20
3.192899999999842748e+02 4.333254223452434568e-20
3.192999999999842657e+02 4.356440100079093667e-20
3.193099999999842566e+02 4.381706396644725120e-20
3.193199999999842476e+02 4.409120572596875585e-20
3.193299999999842385e+02 4.438750087383094125e-20
3.193399999999842294e+02 4.470662400450929202e-20
3.193499999999842203e+02 4.504924971247926872e-20
3.193599999999842112e+02 4.541605206123332954e-20
3.193699999999842021e+02 4.580716164172772161e-20
3.193799999999841930e+02 4.622114067293339923e-20
3.193899999999841839e+02 4.665627013670373456e-20
3.193999999999841748e+02 4.711083101489206970e-20
3.194099999999841657e+02 4.758310428935174673e-20
3.194199999999841566e+02 4.807137094193614987e-20
3.194299999999841475e+02 4.857391195449860917e-20
3.194399999999841384e+02 4.908900830889248476e-20
3.194499999999841293e+02 4.961494098697114883e-20
3.194599999999841202e+02 5.014999097058794346e-20
3.194699999999841111e+02 5.069243924159619269e-20
3.194799999999841020e+02 5.124035206025355066e-20
3.194899999999840929e+02 5.179010274209833077e-20
3.194999999999840838e+02 5.233726225358667992e-20
3.195099999999840747e+02 5.287739674325046094e-20
3.195199999999840657e+02 5.340607235962150052e-20
3.195299999999840566e+02 5.391885525123165546e-20
3.195399999999840475e+02 5.441131156661276449e-20
3.195499999999840384e+02 5.487900745429668441e-20
3.195599999999840293e+02 5.531750906281527804e-20
3.195699999999840202e+02 5.572238254070035402e-20
3.195799999999840111e+02 5.608919403648380525e-20
3.195899999999840020e+02 5.641362843190043977e-20
3.195999999999839929e+02 5.669486794488506559e-20
3.196099999999839838e+02 5.693607976636920534e-20
3.196199999999839747e+02 5.714064786903523387e-20
3.196299999999839656e+02 5.731195622556545377e-20
3.196399999999839565e+02 5.745338880864215561e-20
3.196499999999839474e+02 5.756832959094769015e-20
3.196599999999839383e+02 5.766016254516437203e-20
3.196699999999839292e+02 5.773227164397449183e-20
3.196799999999839201e+02 5.778804086006038826e-20
3.196899999999839110e+02 5.783085416610438800e-20
3.196999999999839019e+02 5.786409427825114226e-20
3.197099999999838928e+02 5.789012732712827356e-20
3.197199999999838838e+02 5.790846984859630408e-20
3.197299999999838747e+02 5.791814283728299776e-20
3.197399999999838656e+02 5.791816728781608242e-20
3.197499999999838565e+02 5.790756419482329794e-20
3.197599999999838474e+02 5.788535455293234808e-20
3.197699999999838383e+02 5.785055935677097269e-20
3.197799999999838292e+02 5.780219960096693573e-20
3.197899999999838201e+02 5.773929628014789281e-20
3.197999999999838110e+02 5.766087038894163193e-20
3.198099999999838019e+02 5.756594292197586890e-20
3.198199999999837928e+02 5.745352215907719466e-20
3.198299999999837837e+02 5.732251933273159561e-20
3.198399999999837746e+02 5.717180094460471693e-20
3.198499999999837655e+02 5.700023325753360179e-20
3.198599999999837564e+02 5.680668253435541372e-20
3.198699999999837473e+02 5.659001503790720790e-20
3.198799999999837382e+02 5.634909703102611175e-20
3.198899999999837291e+02 5.608279477654916844e-20
3.198999999999837200e+02 5.578997453731355352e-20
3.199099999999837109e+02 5.546950257615627405e-20
3.199199999999837019e+02 5.512024515591450559e-20
3.199299999999836928e+02 5.474114073625244233e-20
3.199399999999836837e+02 5.433304789201826003e-20
3.199499999999836746e+02 5.389890166194607762e-20
3.199599999999836655e+02 5.344174061141852607e-20
3.199699999999836564e+02 5.296460330581827850e-20
3.199799999999836473e+02 5.247052831052799597e-20
3.199899999999836382e+02 5.196255419093036964e-20
3.199999999999836291e+02 5.144371951240806660e-20
3.200099999999836200e+02 5.091706284034375395e-20
3.200199999999836109e+02 5.038562274012011682e-20
3.200299999999836018e+02 4.985243777711979222e-20
3.200399999999835927e+02 4.932054507416342018e-20
3.200499999999835836e+02 4.879220865433990875e-20
3.200599999999835745e+02 4.826764717692655396e-20
3.200699999999835654e+02 4.774674491698474199e-20
3.200799999999835563e+02 4.722938614957577473e-20
3.200899999999835472e+02 4.671545514976099623e-20
3.200999999999835381e+02 4.620483619260176255e-20
3.201099999999835291e+02 4.569741355315936357e-20
3.201199999999835200e+02 4.519307150649516137e-20
3.201299999999835109e+02 4.469169432767048194e-20
3.201399999999835018e+02 4.419316629174665728e-20
3.201499999999834927e+02 4.369737167378502540e-20
3.201599999999834836e+02 4.320434005563360988e-20
3.201699999999834745e+02 4.271510855276207848e-20
3.201799999999834654e+02 4.223114113527430709e-20
3.201899999999834563e+02 4.175390331023170674e-20
3.201999999999834472e+02 4.128486058469571852e-20
3.202099999999834381e+02 4.082547846572776549e-20
3.202199999999834290e+02 4.037722246038928272e-20
3.202299999999834199e+02 3.994155807574170530e-20
3.202399999999834108e+02 3.951995081884643221e-20
3.202499999999834017e+02 3.911386619676491659e-20
3.202599999999833926e+02 3.872476971655859353e-20
3.202699999999833835e+02 3.835409332863679820e-20
3.202799999999833744e+02 3.800249718040554266e-20
3.202899999999833653e+02 3.766986961626413338e-20
3.202999999999833562e+02 3.735606542395909086e-20
3.203099999999833472e+02 3.706093939123700175e-20
3.203199999999833381e+02 3.678434630584441062e-20
3.203299999999833290e+02 3.652614095552785599e-20
3.203399999999833199e+02 3.628617812803393057e-20
3.203499999999833108e+02 3.606431261110916084e-20
3.203599999999833017e+02 3.586039919250011543e-20
3.203699999999832926e+02 3.567429265995335092e-20
3.203799999999832835e+02 3.550584599219513873e-20
3.203899999999832744e+02 3.535447495340093814e-20
3.203999999999832653e+02 3.521859203150333295e-20
3.204099999999832562e+02 3.509646955004048946e-20
3.204199999999832471e+02 3.498637983255056190e-20
3.204299999999832380e+02 3.488659520257170454e-20
3.204399999999832289e+02 3.479538798364208968e-20
3.204499999999832198e+02 3.471103049929985954e-20
3.204599999999832107e+02 3.463179507308318039e-20
3.204699999999832016e+02 3.455595402853020650e-20
3.204799999999831925e+02 3.448177968917909211e-20
3.204899999999831834e+02 3.440754437856800952e-20
3.204999999999831743e+02 3.433181152849259407e-20
3.205099999999831653e+02 3.425481857993411369e-20
3.205199999999831562e+02 3.417740017229983793e-20
3.205299999999831471e+02 3.410039168315668020e-20
3.205399999999831380e+02 3.402462849007153587e-20
3.205499999999831289e+02 3.395094597061128223e-20
3.205599999999831198e+02 3.388017950234286281e-20
3.205699999999831107e+02 3.381316446283312480e-20
3.205799999999831016e+02 3.375073622964899969e-20
3.205899999999830925e+02 3.369373018035737079e-20
3.205999999999830834e+02 3.364298169252513949e-20
3.206099999999830743e+02 3.359930576038137354e-20
3.206199999999830652e+02 3.356315827039032557e-20
3.206299999999830561e+02 3.353468808127269922e-20
3.206399999999830470e+02 3.351403416464169687e-20
3.206499999999830379e+02 3.350133549211044265e-20
3.206599999999830288e+02 3.349673103529211489e-20
3.206699999999830197e+02 3.350035976579987384e-20
3.206799999999830106e+02 3.351236065524688576e-20
3.206899999999830015e+02 3.353287267524629887e-20
3.206999999999829924e+02 3.356203479741128546e-20
3.207099999999829834e+02 3.359998599335500579e-20
3.207199999999829743e+02 3.364686654343187857e-20
3.207299999999829652e+02 3.370296044470653763e-20
3.207399999999829561e+02 3.376882326610219386e-20
3.207499999999829470e+02 3.384504075026658335e-20
3.207599999999829379e+02 3.393219863984744821e-20
3.207699999999829288e+02 3.403088267749248843e-20
3.207799999999829197e+02 3.414167860584944010e-20
3.207899999999829106e+02 3.426517216756605136e-20
3.207999999999829015e+02 3.440194910529002219e-20
3.208099999999828924e+02 3.455259516166908267e-20
3.208199999999828833e+02 3.471769607935096889e-20
3.208299999999828742e+02 3.489783760098339287e-20
3.208399999999828651e+02 3.509339349311511184e-20
3.208499999999828560e+02 3.530375218419906702e-20
3.208599999999828469e+02 3.552801601684944372e-20
3.208699999999828378e+02 3.576528730277555905e-20
3.208799999999828287e+02 3.601466835368674819e-20
3.208899999999828196e+02 3.627526148129236435e-20
3.208999999999828106e+02 3.654616899730173668e-20
3.209099999999828015e+02 3.682649321342420638e-20
3.209199999999827924e+02 3.711533644136911463e-20
3.209299999999827833e+02 3.741180099284578457e-20
3.209399999999827742e+02 3.771498917956356941e-20
3.209499999999827651e+02 3.802380102232565680e-20
3.209599999999827560e+02 3.833454187459998057e-20
3.209699999999827469e+02 3.864171998009514435e-20
3.209799999999827378e+02 3.893980757908376053e-20
3.209899999999827287e+02 3.922327691183840539e-20
3.209999999999827196e+02 3.948660021863170338e-20
